!	6	30													
#	Size1	Size2	Fmig	Emig	Femit1	Eemig1	Eb1	Femit2	Eemig2	Eb2	Frotate	Echdir	Ftm	Etm	R
#unit	n/a	n/a	(s-1)	(eV)	(s-1)	(eV)	(eV)	(s-1)	(eV)	(eV)	(s-1)	(eV)	(s-1)	(eV)	a0
	1	1	6.00E+12	4.83	6.00E+12	1.66	4.57	6.00E+12	0.01	4.57	6.00E+12	10	6.00E+12	10	0.433012702
	1	2	6.00E+12	10	6.00E+12	1.66	6.65	6.00E+12	0.01	3.11	6.00E+12	10	6.00E+12	10	0.433012702
	1	3	6.00E+12	10	6.00E+12	1.66	8.57	6.00E+12	0.01	3.28	6.00E+12	10	6.00E+12	10	0.433012702
	1	4	6.00E+12	10	6.00E+12	1.66	10.22	6.00E+12	0.01	2.61	6.00E+12	10	6.00E+12	10	0.433012702
	1	5	6.00E+12	10	6.00E+12	1.66	9.1864	6.00E+12	0.01	1.44	6.00E+12	10	6.00E+12	10	0.433012702
	1	6	6.00E+12	10	6.00E+12	1.66	9.9827	6.00E+12	0.01	2.08	6.00E+12	10	6.00E+12	-4	0.433012702
	1	7	6.00E+12	10	6.00E+12	1.66	10.4796	6.00E+12	0.01	3.0872	6.00E+12	10	6.00E+12	-4	0.433012702
	1	8	6.00E+12	10	6.00E+12	1.66	10.6771	6.00E+12	0.01	3.21	6.00E+12	10	6.00E+12	-4	0.433012702
	1	9	6.00E+12	10	6.00E+12	1.66	10	6.00E+12	0.01	2	6.00E+12	10	6.00E+12	-4	0.433012702
	1	10	6.00E+12	10	6.00E+12	1.66	10	6.00E+12	0.01	2	6.00E+12	10	6.00E+12	-4	0.433012702
	1	11	6.00E+12	10	6.00E+12	1.66	10	6.00E+12	0.01	2	6.00E+12	10	6.00E+12	-4	0.433012702
	1	12	6.00E+12	10	6.00E+12	1.66	10	6.00E+12	0.01	2	6.00E+12	10	6.00E+12	-4	0.433012702
	1	13	6.00E+12	10	6.00E+12	1.66	10	6.00E+12	0.01	2	6.00E+12	10	6.00E+12	-4	0.433012702
	1	14	6.00E+12	10	6.00E+12	1.66	10	6.00E+12	0.01	2	6.00E+12	10	6.00E+12	-4	0.433012702
	1	15	6.00E+12	10	6.00E+12	1.66	10	6.00E+12	0.01	2	6.00E+12	10	6.00E+12	-4	0.433012702
	1	16	6.00E+12	10	6.00E+12	1.66	10	6.00E+12	0.01	2	6.00E+12	10	6.00E+12	-4	0.433012702
	1	17	6.00E+12	10	6.00E+12	1.66	10	6.00E+12	0.01	2	6.00E+12	10	6.00E+12	-4	0.433012702
	1	18	6.00E+12	10	6.00E+12	1.66	10	6.00E+12	0.01	2	6.00E+12	10	6.00E+12	-4	0.433012702
	1	19	6.00E+12	10	6.00E+12	1.66	10	6.00E+12	0.01	2	6.00E+12	10	6.00E+12	-4	0.433012702
	1	20	6.00E+12	10	6.00E+12	1.66	10	6.00E+12	0.01	2	6.00E+12	10	6.00E+12	-4	0.433012702
	1	21	6.00E+12	10	6.00E+12	1.66	10	6.00E+12	0.01	2	6.00E+12	10	6.00E+12	-4	0.433012702
	1	22	6.00E+12	10	6.00E+12	1.66	10	6.00E+12	0.01	2	6.00E+12	10	6.00E+12	-4	0.433012702
	1	23	6.00E+12	10	6.00E+12	1.66	10	6.00E+12	0.01	2	6.00E+12	10	6.00E+12	-4	0.433012702
	1	24	6.00E+12	10	6.00E+12	1.66	10	6.00E+12	0.01	2	6.00E+12	10	6.00E+12	-4	0.433012702
	1	25	6.00E+12	10	6.00E+12	1.66	10	6.00E+12	0.01	2	6.00E+12	10	6.00E+12	-4	0.433012702
	1	26	6.00E+12	10	6.00E+12	1.66	10	6.00E+12	0.01	2	6.00E+12	10	6.00E+12	-4	0.433012702
	1	27	6.00E+12	10	6.00E+12	1.66	10	6.00E+12	0.01	2	6.00E+12	10	6.00E+12	-4	0.433012702
	1	28	6.00E+12	10	6.00E+12	1.66	10	6.00E+12	0.01	2	6.00E+12	10	6.00E+12	-4	0.433012702
	1	29	6.00E+12	10	6.00E+12	1.66	10	6.00E+12	0.01	2	6.00E+12	10	6.00E+12	-4	0.433012702
	1	30	6.00E+12	10	6.00E+12	1.66	10	6.00E+12	0.01	2	6.00E+12	10	6.00E+12	-4	0.433012702
	2	1	3.00E+12	2.04	6.00E+12	1.66	-0.02	6.00E+12	0.01	4.69	6.00E+12	10	6.00E+12	10	0.560990682
	2	2	6.00E+12	10	6.00E+12	1.66	1.82	6.00E+12	0.01	4.85	6.00E+12	10	6.00E+12	10	0.560990682
	2	3	6.00E+12	10	6.00E+12	1.66	2.65	6.00E+12	0.01	4.925025	6.00E+12	10	6.00E+12	10	0.560990682
	2	4	6.00E+12	10	6.00E+12	1.66	5.0011	6.00E+12	0.01	4.5822	6.00E+12	10	6.00E+12	10	0.560990682
	2	5	6.00E+12	10	6.00E+12	1.66	5.885775	6.00E+12	0.01	4.274525	6.00E+12	10	6.00E+12	10	0.560990682
	2	6	6.00E+12	10	6.00E+12	1.66	6.6956	6.00E+12	0.01	4.002	6.00E+12	10	6.00E+12	10	0.560990682
	2	7	6.00E+12	10	6.00E+12	1.66	7.430575	6.00E+12	0.01	3.764625	6.00E+12	10	6.00E+12	10	0.560990682
	2	8	6.00E+12	10	6.00E+12	1.66	8.0907	6.00E+12	0.01	3.5624	6.00E+12	10	6.00E+12	10	0.560990682
	2	9	6.00E+12	10	6.00E+12	1.66	8.675975	6.00E+12	0.01	3.395325	6.00E+12	10	6.00E+12	10	0.560990682
	2	10	6.00E+12	10	6.00E+12	1.66	9.1864	6.00E+12	0.01	3.2634	6.00E+12	10	6.00E+12	10	0.560990682
	2	11	6.00E+12	10	6.00E+12	1.66	9.621975	6.00E+12	0.01	3.166625	6.00E+12	10	6.00E+12	10	0.560990682
	2	12	6.00E+12	10	6.00E+12	1.66	9.9827	6.00E+12	0.01	3.105	6.00E+12	10	6.00E+12	-4	0.560990682
	2	13	6.00E+12	10	6.00E+12	1.66	10.268575	6.00E+12	0.01	3.078525	6.00E+12	10	6.00E+12	-4	0.560990682
	2	14	6.00E+12	10	6.00E+12	1.66	10.4796	6.00E+12	0.01	3.0872	6.00E+12	10	6.00E+12	-4	0.560990682
	2	15	6.00E+12	10	6.00E+12	1.66	10.615775	6.00E+12	0.01	3.131025	6.00E+12	10	6.00E+12	-4	0.560990682
	2	16	6.00E+12	10	6.00E+12	1.66	10.6771	6.00E+12	0.01	3.21	6.00E+12	10	6.00E+12	-4	0.560990682
	2	17	6.00E+12	10	6.00E+12	1.66	10	6.00E+12	0.01	2	6.00E+12	10	6.00E+12	-4	0.560990682
	2	18	6.00E+12	10	6.00E+12	1.66	10	6.00E+12	0.01	2	6.00E+12	10	6.00E+12	-4	0.560990682
	2	19	6.00E+12	10	6.00E+12	1.66	10	6.00E+12	0.01	2	6.00E+12	10	6.00E+12	-4	0.560990682
	2	20	6.00E+12	10	6.00E+12	1.66	10	6.00E+12	0.01	2	6.00E+12	10	6.00E+12	-4	0.560990682
	2	21	6.00E+12	10	6.00E+12	1.66	10	6.00E+12	0.01	2	6.00E+12	10	6.00E+12	-4	0.560990682
	2	22	6.00E+12	10	6.00E+12	1.66	10	6.00E+12	0.01	2	6.00E+12	10	6.00E+12	-4	0.560990682
	2	23	6.00E+12	10	6.00E+12	1.66	10	6.00E+12	0.01	2	6.00E+12	10	6.00E+12	-4	0.560990682
	2	24	6.00E+12	10	6.00E+12	1.66	10	6.00E+12	0.01	2	6.00E+12	10	6.00E+12	-4	0.560990682
	2	25	6.00E+12	10	6.00E+12	1.66	10	6.00E+12	0.01	2	6.00E+12	10	6.00E+12	-4	0.560990682
	2	26	6.00E+12	10	6.00E+12	1.66	10	6.00E+12	0.01	2	6.00E+12	10	6.00E+12	-4	0.560990682
	2	27	6.00E+12	10	6.00E+12	1.66	10	6.00E+12	0.01	2	6.00E+12	10	6.00E+12	-4	0.560990682
	2	28	6.00E+12	10	6.00E+12	1.66	10	6.00E+12	0.01	2	6.00E+12	10	6.00E+12	-4	0.560990682
	2	29	6.00E+12	10	6.00E+12	1.66	10	6.00E+12	0.01	2	6.00E+12	10	6.00E+12	-4	0.560990682
	2	30	6.00E+12	10	6.00E+12	1.66	10	6.00E+12	0.01	2	6.00E+12	10	6.00E+12	-4	0.560990682
	3	1	2.00E+12	1.94	6.00E+12	1.66	0.7	6.00E+12	0.01	5.35	6.00E+12	10	6.00E+12	10	0.650764233
	3	2	6.00E+12	10	6.00E+12	1.66	0.68	6.00E+12	0.01	4.83	6.00E+12	10	6.00E+12	10	0.650764233
	3	3	6.00E+12	10	6.00E+12	1.66	1.83	6.00E+12	0.01	5.08	6.00E+12	10	6.00E+12	10	0.650764233
	3	4	6.00E+12	10	6.00E+12	1.66	3.7051	6.00E+12	0.01	5.047111111	6.00E+12	10	6.00E+12	10	0.650764233
	3	5	6.00E+12	10	6.00E+12	1.66	4.369733333	6.00E+12	0.01	4.806844444	6.00E+12	10	6.00E+12	10	0.650764233
	3	6	6.00E+12	10	6.00E+12	1.66	5.0011	6.00E+12	0.01	4.5822	6.00E+12	10	6.00E+12	10	0.650764233
	3	7	6.00E+12	10	6.00E+12	1.66	5.5992	6.00E+12	0.01	4.373177778	6.00E+12	10	6.00E+12	10	0.650764233
	3	8	6.00E+12	10	6.00E+12	1.66	6.164033333	6.00E+12	0.01	4.179777778	6.00E+12	10	6.00E+12	10	0.650764233
	3	9	6.00E+12	10	6.00E+12	1.66	6.6956	6.00E+12	0.01	4.002	6.00E+12	10	6.00E+12	10	0.650764233
	3	10	6.00E+12	10	6.00E+12	1.66	7.1939	6.00E+12	0.01	3.839844444	6.00E+12	10	6.00E+12	10	0.650764233
	3	11	6.00E+12	10	6.00E+12	1.66	7.658933333	6.00E+12	0.01	3.693311111	6.00E+12	10	6.00E+12	10	0.650764233
	3	12	6.00E+12	10	6.00E+12	1.66	8.0907	6.00E+12	0.01	3.5624	6.00E+12	10	6.00E+12	10	0.650764233
	3	13	6.00E+12	10	6.00E+12	1.66	8.4892	6.00E+12	0.01	3.447111111	6.00E+12	10	6.00E+12	10	0.650764233
	3	14	6.00E+12	10	6.00E+12	1.66	8.854433333	6.00E+12	0.01	3.347444444	6.00E+12	10	6.00E+12	10	0.650764233
	3	15	6.00E+12	10	6.00E+12	1.66	9.1864	6.00E+12	0.01	3.2634	6.00E+12	10	6.00E+12	10	0.650764233
	3	16	6.00E+12	10	6.00E+12	1.66	9.4851	6.00E+12	0.01	3.194977778	6.00E+12	10	6.00E+12	-4	0.650764233
	3	17	6.00E+12	10	6.00E+12	1.66	9.750533333	6.00E+12	0.01	3.142177778	6.00E+12	10	6.00E+12	-4	0.650764233
	3	18	6.00E+12	10	6.00E+12	1.66	9.9827	6.00E+12	0.01	3.105	6.00E+12	10	6.00E+12	-4	0.650764233
	3	19	6.00E+12	10	6.00E+12	1.66	10.1816	6.00E+12	0.01	3.083444444	6.00E+12	10	6.00E+12	-4	0.650764233
	3	20	6.00E+12	10	6.00E+12	1.66	10.34723333	6.00E+12	0.01	3.077511111	6.00E+12	10	6.00E+12	-4	0.650764233
	3	21	6.00E+12	10	6.00E+12	1.66	10.4796	6.00E+12	0.01	3.0872	6.00E+12	10	6.00E+12	-4	0.650764233
	3	22	6.00E+12	10	6.00E+12	1.66	10.5787	6.00E+12	0.01	3.112511111	6.00E+12	10	6.00E+12	-4	0.650764233
	3	23	6.00E+12	10	6.00E+12	1.66	10.64453333	6.00E+12	0.01	3.153444444	6.00E+12	10	6.00E+12	-4	0.650764233
	3	24	6.00E+12	10	6.00E+12	1.66	10.6771	6.00E+12	0.01	3.21	6.00E+12	10	6.00E+12	-4	0.650764233
	3	25	6.00E+12	10	6.00E+12	1.66	10	6.00E+12	0.01	2	6.00E+12	10	6.00E+12	-4	0.650764233
	3	26	6.00E+12	10	6.00E+12	1.66	10	6.00E+12	0.01	2	6.00E+12	10	6.00E+12	-4	0.650764233
	3	27	6.00E+12	10	6.00E+12	1.66	10	6.00E+12	0.01	2	6.00E+12	10	6.00E+12	-4	0.650764233
	3	28	6.00E+12	10	6.00E+12	1.66	10	6.00E+12	0.01	2	6.00E+12	10	6.00E+12	-4	0.650764233
	3	29	6.00E+12	10	6.00E+12	1.66	10	6.00E+12	0.01	2	6.00E+12	10	6.00E+12	-4	0.650764233
	3	30	6.00E+12	10	6.00E+12	1.66	10	6.00E+12	0.01	2	6.00E+12	10	6.00E+12	-4	0.650764233
	4	1	6.00E+12	10	6.00E+12	1.66	1.01	6.00E+12	0.01	5.74	6.00E+12	10	6.00E+12	10	0.722232833
	4	2	6.00E+12	10	6.00E+12	1.66	1.29	6.00E+12	0.01	5.11	6.00E+12	10	6.00E+12	10	0.722232833
	4	3	6.00E+12	10	6.00E+12	1.66	1.49	6.00E+12	0.01	5.29	6.00E+12	10	6.00E+12	10	0.722232833
	4	4	6.00E+12	10	6.00E+12	1.66	3.0072	6.00E+12	0.01	5.17	6.00E+12	10	6.00E+12	10	0.722232833
	4	5	6.00E+12	10	6.00E+12	1.66	3.53374375	6.00E+12	0.01	5.10961875	6.00E+12	10	6.00E+12	10	0.722232833
	4	6	6.00E+12	10	6.00E+12	1.66	4.041575	6.00E+12	0.01	4.925025	6.00E+12	10	6.00E+12	10	0.722232833
	4	7	6.00E+12	10	6.00E+12	1.66	4.53069375	6.00E+12	0.01	4.74921875	6.00E+12	10	6.00E+12	10	0.722232833
	4	8	6.00E+12	10	6.00E+12	1.66	5.0011	6.00E+12	0.01	4.5822	6.00E+12	10	6.00E+12	10	0.722232833
	4	9	6.00E+12	10	6.00E+12	1.66	5.45279375	6.00E+12	0.01	4.42396875	6.00E+12	10	6.00E+12	10	0.722232833
	4	10	6.00E+12	10	6.00E+12	1.66	5.885775	6.00E+12	0.01	4.274525	6.00E+12	10	6.00E+12	10	0.722232833
	4	11	6.00E+12	10	6.00E+12	1.66	6.30004375	6.00E+12	0.01	4.13386875	6.00E+12	10	6.00E+12	10	0.722232833
	4	12	6.00E+12	10	6.00E+12	1.66	6.6956	6.00E+12	0.01	4.002	6.00E+12	10	6.00E+12	10	0.722232833
	4	13	6.00E+12	10	6.00E+12	1.66	7.07244375	6.00E+12	0.01	3.87891875	6.00E+12	10	6.00E+12	10	0.722232833
	4	14	6.00E+12	10	6.00E+12	1.66	7.430575	6.00E+12	0.01	3.764625	6.00E+12	10	6.00E+12	10	0.722232833
	4	15	6.00E+12	10	6.00E+12	1.66	7.76999375	6.00E+12	0.01	3.65911875	6.00E+12	10	6.00E+12	10	0.722232833
	4	16	6.00E+12	10	6.00E+12	1.66	8.0907	6.00E+12	0.01	3.5624	6.00E+12	10	6.00E+12	10	0.722232833
	4	17	6.00E+12	10	6.00E+12	1.66	8.39269375	6.00E+12	0.01	3.47446875	6.00E+12	10	6.00E+12	-4	0.722232833
	4	18	6.00E+12	10	6.00E+12	1.66	8.675975	6.00E+12	0.01	3.395325	6.00E+12	10	6.00E+12	-4	0.722232833
	4	19	6.00E+12	10	6.00E+12	1.66	8.94054375	6.00E+12	0.01	3.32496875	6.00E+12	10	6.00E+12	-4	0.722232833
	4	20	6.00E+12	10	6.00E+12	1.66	9.1864	6.00E+12	0.01	3.2634	6.00E+12	10	6.00E+12	-4	0.722232833
	4	21	6.00E+12	10	6.00E+12	1.66	9.41354375	6.00E+12	0.01	3.21061875	6.00E+12	10	6.00E+12	-4	0.722232833
	4	22	6.00E+12	10	6.00E+12	1.66	9.621975	6.00E+12	0.01	3.166625	6.00E+12	10	6.00E+12	-4	0.722232833
	4	23	6.00E+12	10	6.00E+12	1.66	9.81169375	6.00E+12	0.01	3.13141875	6.00E+12	10	6.00E+12	-4	0.722232833
	4	24	6.00E+12	10	6.00E+12	1.66	9.9827	6.00E+12	0.01	3.105	6.00E+12	10	6.00E+12	-4	0.722232833
	4	25	6.00E+12	10	6.00E+12	1.66	10.13499375	6.00E+12	0.01	3.08736875	6.00E+12	10	6.00E+12	-4	0.722232833
	4	26	6.00E+12	10	6.00E+12	1.66	10.268575	6.00E+12	0.01	3.078525	6.00E+12	10	6.00E+12	-4	0.722232833
	4	27	6.00E+12	10	6.00E+12	1.66	10.38344375	6.00E+12	0.01	3.07846875	6.00E+12	10	6.00E+12	-4	0.722232833
	4	28	6.00E+12	10	6.00E+12	1.66	10.4796	6.00E+12	0.01	3.0872	6.00E+12	10	6.00E+12	-4	0.722232833
	4	29	6.00E+12	10	6.00E+12	1.66	10.55704375	6.00E+12	0.01	3.10471875	6.00E+12	10	6.00E+12	-4	0.722232833
	4	30	6.00E+12	10	6.00E+12	1.66	10.615775	6.00E+12	0.01	3.131025	6.00E+12	10	6.00E+12	-4	0.722232833
	5	1	6.00E+12	10	6.00E+12	1.66	1.196512	6.00E+12	0.01	5.980872	6.00E+12	10	6.00E+12	10	0.782585341
	5	2	6.00E+12	10	6.00E+12	1.66	1.667148	6.00E+12	0.01	5.802968	6.00E+12	10	6.00E+12	10	0.782585341
	5	3	6.00E+12	10	6.00E+12	1.66	2.125808	6.00E+12	0.01	5.630688	6.00E+12	10	6.00E+12	10	0.782585341
	5	4	6.00E+12	10	6.00E+12	1.66	2.572492	6.00E+12	0.01	5.464032	6.00E+12	10	6.00E+12	10	0.782585341
	5	5	6.00E+12	10	6.00E+12	1.66	3.0072	6.00E+12	0.01	5.303	6.00E+12	10	6.00E+12	10	0.782585341
	5	6	6.00E+12	10	6.00E+12	1.66	3.429932	6.00E+12	0.01	5.147592	6.00E+12	10	6.00E+12	10	0.782585341
	5	7	6.00E+12	10	6.00E+12	1.66	3.840688	6.00E+12	0.01	4.997808	6.00E+12	10	6.00E+12	10	0.782585341
	5	8	6.00E+12	10	6.00E+12	1.66	4.239468	6.00E+12	0.01	4.853648	6.00E+12	10	6.00E+12	10	0.782585341
	5	9	6.00E+12	10	6.00E+12	1.66	4.626272	6.00E+12	0.01	4.715112	6.00E+12	10	6.00E+12	10	0.782585341
	5	10	6.00E+12	10	6.00E+12	1.66	5.0011	6.00E+12	0.01	4.5822	6.00E+12	10	6.00E+12	10	0.782585341
	5	11	6.00E+12	10	6.00E+12	1.66	5.363952	6.00E+12	0.01	4.454912	6.00E+12	10	6.00E+12	10	0.782585341
	5	12	6.00E+12	10	6.00E+12	1.66	5.714828	6.00E+12	0.01	4.333248	6.00E+12	10	6.00E+12	10	0.782585341
	5	13	6.00E+12	10	6.00E+12	1.66	6.053728	6.00E+12	0.01	4.217208	6.00E+12	10	6.00E+12	10	0.782585341
	5	14	6.00E+12	10	6.00E+12	1.66	6.380652	6.00E+12	0.01	4.106792	6.00E+12	10	6.00E+12	10	0.782585341
	5	15	6.00E+12	10	6.00E+12	1.66	6.6956	6.00E+12	0.01	4.002	6.00E+12	10	6.00E+12	10	0.782585341
	5	16	6.00E+12	10	6.00E+12	1.66	6.998572	6.00E+12	0.01	3.902832	6.00E+12	10	6.00E+12	10	0.782585341
	5	17	6.00E+12	10	6.00E+12	1.66	7.289568	6.00E+12	0.01	3.809288	6.00E+12	10	6.00E+12	10	0.782585341
	5	18	6.00E+12	10	6.00E+12	1.66	7.568588	6.00E+12	0.01	3.721368	6.00E+12	10	6.00E+12	10	0.782585341
	5	19	6.00E+12	10	6.00E+12	1.66	7.835632	6.00E+12	0.01	3.639072	6.00E+12	10	6.00E+12	10	0.782585341
	5	20	6.00E+12	10	6.00E+12	1.66	8.0907	6.00E+12	0.01	3.5624	6.00E+12	10	6.00E+12	10	0.782585341
	5	21	6.00E+12	10	6.00E+12	1.66	8.333792	6.00E+12	0.01	3.491352	6.00E+12	10	6.00E+12	-4	0.782585341
	5	22	6.00E+12	10	6.00E+12	1.66	8.564908	6.00E+12	0.01	3.425928	6.00E+12	10	6.00E+12	-4	0.782585341
	5	23	6.00E+12	10	6.00E+12	1.66	8.784048	6.00E+12	0.01	3.366128	6.00E+12	10	6.00E+12	-4	0.782585341
	5	24	6.00E+12	10	6.00E+12	1.66	8.991212	6.00E+12	0.01	3.311952	6.00E+12	10	6.00E+12	-4	0.782585341
	5	25	6.00E+12	10	6.00E+12	1.66	9.1864	6.00E+12	0.01	3.2634	6.00E+12	10	6.00E+12	-4	0.782585341
	5	26	6.00E+12	10	6.00E+12	1.66	9.369612	6.00E+12	0.01	3.220472	6.00E+12	10	6.00E+12	-4	0.782585341
	5	27	6.00E+12	10	6.00E+12	1.66	9.540848	6.00E+12	0.01	3.183168	6.00E+12	10	6.00E+12	-4	0.782585341
	5	28	6.00E+12	10	6.00E+12	1.66	9.700108	6.00E+12	0.01	3.151488	6.00E+12	10	6.00E+12	-4	0.782585341
	5	29	6.00E+12	10	6.00E+12	1.66	9.847392	6.00E+12	0.01	3.125432	6.00E+12	10	6.00E+12	-4	0.782585341
	5	30	6.00E+12	10	6.00E+12	1.66	9.9827	6.00E+12	0.01	3.105	6.00E+12	10	6.00E+12	-4	0.782585341
	6	1	6.00E+12	10	6.00E+12	1.66	1.116908333	6.00E+12	0.01	6.011069444	6.00E+12	10	6.00E+12	10	0.83534042
	6	2	6.00E+12	10	6.00E+12	1.66	1.5116	6.00E+12	0.01	5.861644444	6.00E+12	10	6.00E+12	10	0.83534042
	6	3	6.00E+12	10	6.00E+12	1.66	1.897975	6.00E+12	0.01	5.716125	6.00E+12	10	6.00E+12	10	0.83534042
	6	4	6.00E+12	10	6.00E+12	1.66	2.276033333	6.00E+12	0.01	5.574511111	6.00E+12	10	6.00E+12	10	0.83534042
	6	5	6.00E+12	10	6.00E+12	1.66	2.645775	6.00E+12	0.01	5.436802778	6.00E+12	10	6.00E+12	10	0.83534042
	6	6	6.00E+12	10	6.00E+12	1.66	3.0072	6.00E+12	0.01	5.303	6.00E+12	10	6.00E+12	10	0.83534042
	6	7	6.00E+12	10	6.00E+12	1.66	3.360308333	6.00E+12	0.01	5.173102778	6.00E+12	10	6.00E+12	10	0.83534042
	6	8	6.00E+12	10	6.00E+12	1.66	3.7051	6.00E+12	0.01	5.047111111	6.00E+12	10	6.00E+12	10	0.83534042
	6	9	6.00E+12	10	6.00E+12	1.66	4.041575	6.00E+12	0.01	4.925025	6.00E+12	10	6.00E+12	10	0.83534042
	6	10	6.00E+12	10	6.00E+12	1.66	4.369733333	6.00E+12	0.01	4.806844444	6.00E+12	10	6.00E+12	10	0.83534042
	6	11	6.00E+12	10	6.00E+12	1.66	4.689575	6.00E+12	0.01	4.692569444	6.00E+12	10	6.00E+12	10	0.83534042
	6	12	6.00E+12	10	6.00E+12	1.66	5.0011	6.00E+12	0.01	4.5822	6.00E+12	10	6.00E+12	10	0.83534042
	6	13	6.00E+12	10	6.00E+12	1.66	5.304308333	6.00E+12	0.01	4.475736111	6.00E+12	10	6.00E+12	10	0.83534042
	6	14	6.00E+12	10	6.00E+12	1.66	5.5992	6.00E+12	0.01	4.373177778	6.00E+12	10	6.00E+12	10	0.83534042
	6	15	6.00E+12	10	6.00E+12	1.66	5.885775	6.00E+12	0.01	4.274525	6.00E+12	10	6.00E+12	10	0.83534042
	6	16	6.00E+12	10	6.00E+12	1.66	6.164033333	6.00E+12	0.01	4.179777778	6.00E+12	10	6.00E+12	10	0.83534042
	6	17	6.00E+12	10	6.00E+12	1.66	6.433975	6.00E+12	0.01	4.088936111	6.00E+12	10	6.00E+12	10	0.83534042
	6	18	6.00E+12	10	6.00E+12	1.66	6.6956	6.00E+12	0.01	4.002	6.00E+12	10	6.00E+12	10	0.83534042
	6	19	6.00E+12	10	6.00E+12	1.66	6.948908333	6.00E+12	0.01	3.918969444	6.00E+12	10	6.00E+12	10	0.83534042
	6	20	6.00E+12	10	6.00E+12	1.66	7.1939	6.00E+12	0.01	3.839844444	6.00E+12	10	6.00E+12	10	0.83534042
	6	21	6.00E+12	10	6.00E+12	1.66	7.430575	6.00E+12	0.01	3.764625	6.00E+12	10	6.00E+12	10	0.83534042
	6	22	6.00E+12	10	6.00E+12	1.66	7.658933333	6.00E+12	0.01	3.693311111	6.00E+12	10	6.00E+12	10	0.83534042
	6	23	6.00E+12	10	6.00E+12	1.66	7.878975	6.00E+12	0.01	3.625902778	6.00E+12	10	6.00E+12	10	0.83534042
	6	24	6.00E+12	10	6.00E+12	1.66	8.0907	6.00E+12	0.01	3.5624	6.00E+12	10	6.00E+12	10	0.83534042
	6	25	6.00E+12	10	6.00E+12	1.66	8.294108333	6.00E+12	0.01	3.502802778	6.00E+12	10	6.00E+12	-4	0.83534042
	6	26	6.00E+12	10	6.00E+12	1.66	8.4892	6.00E+12	0.01	3.447111111	6.00E+12	10	6.00E+12	-4	0.83534042
	6	27	6.00E+12	10	6.00E+12	1.66	8.675975	6.00E+12	0.01	3.395325	6.00E+12	10	6.00E+12	-4	0.83534042
	6	28	6.00E+12	10	6.00E+12	1.66	8.854433333	6.00E+12	0.01	3.347444444	6.00E+12	10	6.00E+12	-4	0.83534042
	6	29	6.00E+12	10	6.00E+12	1.66	9.024575	6.00E+12	0.01	3.303469444	6.00E+12	10	6.00E+12	-4	0.83534042
	6	30	6.00E+12	10	6.00E+12	1.66	9.1864	6.00E+12	0.01	3.2634	6.00E+12	10	6.00E+12	-4	0.83534042
