#The object outside the box will be placed into box
#type 1~vac;   2~sia; 3~vac_C;  4~sia_C
#no direction~0;    111~1;  -111~2; 1-11~3; 11-1~4
#id	type	x	y	z	size1	dir
1	1	21.219620297393174	26.489588427611267	27.978770859865897	4	0	0
2	1	20.461150272163803	31.487170056217746	31.48281675687995	1	0	0
3	1	21.954109643935556	30.958427527782632	30.981371014267722	1	0	0
4	2	23.961326882848972	32.97040321982474	32.00283345085118	1	0	1
5	2	21.50286795624866	34.480645834667015	26.495332714889916	1	0	2
6	2	23.499051216382767	25.472483498194297	32.47503718854951	1	0	3
7	2	23.446895480343795	31.476971481712766	31.97391845433824	2	0	2
8	2	24.966400427807777	27.95732475927565	28.964635666860154	1	0	4
9	3	6.127851254463615	0.7523809994237218	2.0643999058120577	0	1	0
