#The object outside the box will be placed into box
#type 1~vac;   2~sia; 3~vac_C;  4~sia_C
#no direction~0;    111~1;  -111~2; 1-11~3; 11-1~4
#id	type	x	y	z	size1	dir
1	1	40.94949235985266	69.9137649512088	22.971671723883645	1	0	0
2	1	40.94949235985266	69.9137649512088	23.970439536993037	1	0	0
3	1	38.95195553139712	71.91130418413789	23.970439536993037	1	0	0
4	1	39.950725147861654	71.91130418413789	23.970439536993037	1	0	0
5	1	46.94210074130496	75.90637062762838	23.970439536993037	1	0	0
6	1	44.44518090797229	69.41438344912766	25.46858524547328	1	0	0
7	1	41.44887566528897	70.41315126223704	25.46858524547328	1	0	0
8	1	39.950725147861654	70.9125363710285	25.967975163211815	1	0	0
9	1	42.94702798607144	70.9125363710285	25.967975163211815	1	0	0
10	1	40.450108453297965	62.423006352888386	27.466123276165597	1	0	0
11	1	36.954422309651875	66.91746391635418	26.96674057184767	1	0	0
12	1	43.44641369598129	72.41068688845581	28.464893493748523	1	0	0
13	1	45.94333262763638	75.90637062762838	27.965505980483524	1	0	0
14	1	35.45626698327748	61.42423733754222	30.462426715493766	1	0	0
15	1	39.950725147861654	57.92854999165936	31.96057963739462	1	0	0
16	1	42.94702798607144	52.934709423316455	41.94826017296205	1	0	0
17	1	41.44887566528897	55.43162925664912	42.44764407951675	1	0	0
18	1	42.94702798607144	50.93717319597929	42.94702798607144	1	0	0
19	1	46.44271653419108	60.425469524432835	43.44641369598129	1	0	0
20	1	36.954422309651875	50.93717319597929	43.945796400299216	1	0	0
21	1	37.45380381173303	54.43286144353973	44.44518090797229	1	0	0
22	1	41.69856761856632	53.18440167715299	45.19425676780434	2	0	0
23	1	40.450108453297965	53.43409363043034	46.44271653419108	1	0	0
24	1	37.45380381173303	55.43162925664912	46.44271653419108	1	0	0
25	1	37.45380381173303	51.43655725281358	47.44148479813925	1	0	0
26	1	34.45749676569456	52.43532536648216	47.44148479813925	1	0	0
27	1	39.950725147861654	52.435325216202564	47.44148479813925	4	0	0
28	1	41.44887566528897	52.43532536648216	47.44148479813925	1	0	0
29	1	41.44887566528897	49.439021025476414	48.44025291180783	1	0	0
30	1	36.45503720086041	53.43409363043034	48.44025291180783	1	0	0
31	1	40.450108453297965	54.43286144353973	48.44025291180783	1	0	0
32	1	40.450108453297965	53.43409363043034	49.439021025476414	1	0	0
33	1	42.44764407951675	52.43532536648216	50.437789139144996	1	0	0
34	1	43.44641369598129	54.43286144353973	50.437789139144996	1	0	0
35	1	43.44641369598129	45.44394872108168	51.43655725281358	1	0	0
36	1	39.451340640188576	49.439021025476414	51.43655725281358	1	0	0
37	1	40.78303065692217	51.10363459835058	51.76947975699698	6	0	0
38	1	40.94949235985266	52.934709423316455	50.93717319597929	1	0	0
39	1	39.950725147861654	57.92854999165936	50.93717319597929	1	0	0
40	1	38.95195553139712	47.940868854973544	51.93594130964787	1	0	0
41	1	38.95195553139712	50.93717319597929	51.93594130964787	1	0	0
42	1	39.451340640188576	52.43532536648216	52.43532536648216	1	0	0
43	1	41.44887566528897	52.43532536648216	52.43532536648216	1	0	0
44	1	44.44518090797229	44.44518090797229	53.43409363043034	1	0	0
45	1	42.44764407951675	47.44148479813925	53.43409363043034	1	0	0
46	1	39.70103319458431	48.68994494022498	53.18440167715299	2	0	0
47	1	42.6973360327941	48.68994494022498	53.68378558370769	2	0	0
48	1	38.45257282707919	50.437789139144996	53.43409363043034	1	0	0
49	1	43.945796400299216	49.93840508231071	52.934709423316455	1	0	0
50	1	39.451340640188576	52.43532536648216	53.43409363043034	1	0	0
51	1	42.44764407951675	46.44271653419108	54.43286144353973	1	0	0
52	1	42.44764407951675	47.44148479813925	54.43286144353973	1	0	0
53	1	37.45380381173303	49.439021025476414	54.43286144353973	1	0	0
54	1	42.6973360327941	50.68748116756214	54.68255339681708	2	0	0
55	1	38.95195553139712	47.940868854973544	54.93224504953523	1	0	0
56	1	44.944565115086185	49.93840508231071	56.92978217854997	1	0	0
57	1	37.953190122761264	46.94210074130496	57.92854999165936	1	0	0
58	1	41.44887566528897	48.44025291180783	58.42793449933244	1	0	0
59	1	37.45380381173303	51.43655725281358	58.42793449933244	1	0	0
60	1	41.44887566528897	44.44518090797229	61.42423733754222	1	0	0
61	2	37.953190122761264	72.91006959277374	17.97782544491609	1	0	4
62	2	46.44271653419108	78.4032961715857	22.472281806145112	1	0	3
63	2	33.45873255929547	77.4045283584763	31.461195730839922	1	0	2
64	2	44.944565115086185	55.931013764322195	31.96057963739462	1	0	3
65	2	52.43532536648216	54.43286144353973	35.45626698327748	1	0	2
66	2	49.439021025476414	59.426701711323446	45.44394872108168	1	0	4
67	2	54.93224504953523	56.92978217854997	45.94333262763638	1	0	1
68	2	35.45626698327748	43.44641369598129	55.43162925664912	1	0	2
69	2	46.44271653419108	77.4045283584763	21.47351399303572	1	0	1
70	2	48.93963696864213	78.90268128037715	27.965505980483524	1	0	3
71	2	40.28364735148586	64.25408268065021	29.963042808939072	3	0	4
72	2	38.95195553139712	77.90391346726777	28.964273793592913	1	0	2
73	2	51.43655725281358	73.40945229709168	30.462426715493766	1	0	3
74	2	29.463658902384374	49.439021025476414	39.451340640188576	1	0	3
75	2	30.462426715493766	49.439021025476414	40.450108453297965	1	0	3
76	2	34.45749676569456	42.44764407951675	41.44887566528897	1	0	1
77	2	49.439021025476414	43.44641369598129	55.43162925664912	1	0	2
78	2	39.950725147861654	65.91869129429772	29.963045213412606	1	0	3
79	2	46.94210074130496	77.90391346726777	20.97412888424426	1	0	4
80	2	31.461195730839922	66.41807760532595	22.472281806145112	1	0	3
81	2	37.45380381173303	79.40206158022154	35.45626698327748	1	0	1
82	2	35.45626698327748	39.451340640188576	42.44764407951675	1	0	3
83	2	37.953190122761264	77.90391346726777	27.965505980483524	1	0	1
84	2	38.95195553139712	63.92115927478924	28.964273793592913	1	0	3
85	2	39.950725147861654	64.91992708789863	28.964273793592913	1	0	3
86	2	40.699800406575314	74.65791747354386	29.213966347988645	2	0	4
87	2	38.95195553139712	64.91992708789863	29.963045213412606	1	0	2
88	2	41.312680272998925	57.1719078547264	35.71352521365575	33	0	1
89	2	42.44764407951675	68.41561443378149	34.45749676569456	1	0	3
90	2	42.94702798607144	54.93224504953523	34.95688307672279	1	0	2
91	2	39.950725147861654	58.92731780476875	37.953190122761264	1	0	3
92	2	48.93963696864213	62.92238785496954	37.953190122761264	1	0	2
93	2	35.45626698327748	58.42793449933244	39.451340640188576	1	0	2
94	2	32.45996234171255	53.43409363043034	45.44394872108168	1	0	3
95	2	46.44271653419108	41.44887566528897	47.44148479813925	1	0	4
96	2	34.95688307672279	62.92238785496954	60.9248546332243	1	0	4
97	2	48.93963696864213	34.95688307672279	62.92238785496954	1	0	1
