#The object outside the box will be placed into box
#type 1~vac;   2~sia; 3~vac_C;  4~sia_C
#no direction~0;    111~1;  -111~2; 1-11~3; 11-1~4
#id	type	x	y	z	size1	dir
1	1	18.96889638795561	22.989173886755683	23.975470597308927	1	0	0
2	1	18.969967956615104	24.971310663328463	23.982908235075644	1	0	0
3	1	17.48415291440851	24.455395099532893	24.509476217756202	1	0	0
4	1	18.987689302277946	25.984294926222287	24.983601730928562	1	0	0
5	2	10.999202277432696	30.968693427546633	13.984294858897028	1	0	2
6	2	12.499706173333841	15.466394313231575	12.512154733950581	1	0	3
7	2	21.99753173097165	24.98747804282856	23.965637803340687	1	0	4
8	2	15.976037807807236	26.953125841565736	25.98990516410128	1	0	4
9	3	3.2059484648895276	1.4766448697266565	4.268818204756567	0	1	0
