#The object outside the box will be placed into box
#type 1~vac;   2~sia; 3~vac_C;  4~sia_C
#no direction~0;    111~1;  -111~2; 1-11~3; 11-1~4
#id	type	x	y	z	size1	dir
1	1	25.46858524547328	53.43409363043034	51.43655725281358	1	0	0
2	1	26.96674057184767	54.93224504953523	54.93224504953523	1	0	0
3	1	58.92731780476875	59.92608501675976	54.93224504953523	1	0	0
4	1	59.92608501675976	59.92608501675976	54.93224504953523	1	0	0
5	1	28.464893493748523	55.43162925664912	56.430396468640126	1	0	0
6	1	52.934709423316455	57.92854999165936	55.931013764322195	1	0	0
7	1	37.70349636612876	60.175776970037106	56.68008962415424	2	0	0
8	1	58.42793449933244	60.425469524432835	56.430396468640126	1	0	0
9	1	61.42423733754222	64.42054318134393	56.430396468640126	1	0	0
10	1	60.9248546332243	65.91869129429772	55.931013764322195	1	0	0
11	1	54.43286144353973	60.425469524432835	57.42916608510467	1	0	0
12	1	47.44148479813925	61.42423733754222	57.42916608510467	1	0	0
13	1	48.44025291180783	56.430396468640126	58.42793449933244	1	0	0
14	1	51.43655725281358	58.42793449933244	58.42793449933244	1	0	0
15	1	55.931013764322195	59.92608501675976	57.92854999165936	1	0	0
16	1	53.43409363043034	61.42423733754222	58.42793449933244	1	0	0
17	1	47.44148479813925	64.42054318134393	58.42793449933244	1	0	0
18	1	51.686249356370524	60.175776970037106	59.67639306348241	2	0	0
19	1	48.44025291180783	64.42054318134393	59.426701711323446	1	0	0
20	1	43.44641369598129	70.41315126223704	59.426701711323446	1	0	0
21	1	47.940868854973544	60.9248546332243	59.92608501675976	1	0	0
22	1	50.437789139144996	62.423006352888386	60.425469524432835	1	0	0
23	1	52.934709423316455	61.923620041860154	59.92608501675976	1	0	0
24	1	54.93224504953523	61.923620041860154	59.92608501675976	1	0	0
25	1	44.944565115086185	65.91869129429772	59.92608501675976	1	0	0
26	1	44.44518090797229	69.41438344912766	60.425469524432835	1	0	0
27	1	50.93717319597929	57.92854999165936	60.9248546332243	1	0	0
28	1	52.43532536648216	58.42793449933244	61.42423733754222	1	0	0
29	1	50.437789139144996	62.423006352888386	61.42423733754222	1	0	0
30	1	41.94826017296205	64.91992708789863	60.9248546332243	1	0	0
31	1	43.44641369598129	67.41684782290886	61.42423733754222	1	0	0
32	1	47.940868854973544	68.91499834033618	60.9248546332243	1	0	0
33	1	49.93840508231071	52.934709423316455	61.923620041860154	1	0	0
34	1	43.945796400299216	60.9248546332243	61.923620041860154	1	0	0
35	1	50.93717319597929	60.9248546332243	61.923620041860154	1	0	0
36	1	49.439021025476414	62.423006352888386	62.423006352888386	1	0	0
37	1	50.437789139144996	45.44394872108168	63.42177296376101	1	0	0
38	1	50.93717319597929	56.92978217854997	62.92238785496954	1	0	0
39	1	50.437789139144996	58.42793449933244	63.42177296376101	1	0	0
40	1	48.93963696864213	58.92731780476875	62.92238785496954	1	0	0
41	1	55.43162925664912	59.426701711323446	63.42177296376101	1	0	0
42	1	45.44394872108168	62.423006352888386	63.42177296376101	1	0	0
43	1	51.93594130964787	59.92608501675976	63.92115927478924	1	0	0
44	1	46.94210074130496	60.9248546332243	63.92115927478924	1	0	0
45	1	48.93963696864213	64.91992708789863	63.92115927478924	1	0	0
46	1	50.437789139144996	45.44394872108168	65.41931339892686	1	0	0
47	1	48.93963696864213	56.92978217854997	64.91992708789863	1	0	0
48	1	48.44025291180783	64.42054318134393	65.41931339892686	1	0	0
49	1	50.93717319597929	47.940868854973544	65.91869129429772	1	0	0
50	1	46.44271653419108	53.43409363043034	66.41807760532595	1	0	0
51	1	45.44394872108168	48.44025291180783	67.41684782290886	1	0	0
52	1	45.44394872108168	49.439021025476414	68.41561443378149	1	0	0
53	1	46.94210074130496	45.94333262763638	68.91499834033618	1	0	0
54	1	39.950725147861654	54.93224504953523	69.9137649512088	1	0	0
55	2	32.21027098955358	56.68008962415424	58.178242546055095	2	0	2
56	2	48.93963696864213	78.90268128037715	44.944565115086185	1	0	2
57	2	35.95565088983218	59.92608501675976	51.93594130964787	1	0	3
58	2	26.467357867529742	53.43409363043034	54.43286144353973	1	0	3
59	2	27.466123276165597	54.43286144353973	54.43286144353973	1	0	1
60	2	41.44887566528897	56.430396468640126	61.42423733754222	1	0	2
61	2	39.950725147861654	56.92978217854997	60.9248546332243	1	0	1
62	2	41.163513948216334	58.14257158002303	61.8522793120328	7	0	2
63	2	47.44148479813925	40.450108453297965	63.42177296376101	1	0	3
64	2	50.93717319597929	71.91130418413789	62.92238785496954	1	0	1
65	2	49.93840508231071	51.93594130964787	65.91869129429772	1	0	2
66	2	42.94702798607144	64.91992708789863	69.9137649512088	1	0	1
67	2	25.967975163211815	54.93224504953523	55.931013764322195	1	0	1
68	2	37.45380381173303	54.43286144353973	71.4119166708729	1	0	3
69	2	43.44641369598129	58.42793449933244	50.437789139144996	1	0	4
70	2	32.95934624826724	77.90391346726777	49.93840508231071	1	0	2
71	2	25.801511055807794	55.09870645190653	54.76578394772313	3	0	3
72	2	44.44518090797229	61.42423733754222	54.43286144353973	1	0	3
73	2	65.41931339892686	62.423006352888386	54.43286144353973	1	0	4
74	2	64.42054318134393	63.42177296376101	54.43286144353973	1	0	3
75	2	33.45873255929547	56.430396468640126	58.42793449933244	1	0	2
76	2	65.41931339892686	63.42177296376101	62.423006352888386	1	0	4
77	2	48.44025291180783	69.41438344912766	63.42177296376101	1	0	3
78	2	48.44025291180783	68.41561443378149	64.42054318134393	1	0	3
79	2	63.92115927478924	57.92854999165936	67.9162305272268	1	0	4
80	2	61.923620041860154	60.9248546332243	67.9162305272268	1	0	1
81	2	46.44271653419108	53.43409363043034	45.44394872108168	1	0	4
82	2	48.93963696864213	76.90513844073777	48.93963696864213	1	0	4
83	2	61.923620041860154	51.93594130964787	50.93717319597929	1	0	4
84	2	28.464893493748523	49.439021025476414	53.43409363043034	1	0	3
85	2	38.95195553139712	73.9088350014096	53.93347753698504	1	0	1
86	2	46.94210074130496	48.93963696864213	59.92608501675976	1	0	4
87	2	22.472281806145112	59.426701711323446	62.423006352888386	1	0	3
88	2	46.44271653419108	40.450108453297965	64.42054318134393	1	0	4
89	2	51.93594130964787	41.94826017296205	64.91992708789863	1	0	2
90	2	64.42054318134393	58.42793449933244	67.4168466206721	3	0	2
91	2	36.954422309651875	53.93347753698504	71.91130418413789	1	0	3
92	2	26.467357867529742	54.43286144353973	55.43162925664912	1	0	4
93	2	58.42793449933244	63.42177296376101	48.44025291180783	1	0	2
94	2	59.426701711323446	64.42054318134393	48.44025291180783	1	0	1
95	2	32.45996234171255	56.430396468640126	57.42916608510467	1	0	1
96	2	57.42916608510467	52.43532536648216	60.425469524432835	1	0	4
97	2	53.43409363043034	77.4045283584763	66.41807760532595	1	0	4
98	2	40.94949235985266	53.93347753698504	67.9162305272268	1	0	4
99	2	40.94949235985266	54.93224504953523	68.91499834033618	1	0	3
