#The object outside the box will be placed into box
#type 1~vac;   2~sia; 3~vac_C;  4~sia_C
#no direction~0;    111~1;  -111~2; 1-11~3; 11-1~4
#id	type	x	y	z	size1	dir
1	1	22.49267249313244	25.471884784283713	27.511499899627655	1	0	0
2	1	24.492527384356748	28.456662379714768	27.47339740973183	1	0	0
3	1	23.45890011503386	26.508285012712548	28.466084309267465	1	0	0
4	1	23.999965269784237	24.995458490496134	29.963059640253825	1	0	0
5	2	29.987389906851078	30.95521274666436	26.984900959350316	1	0	4
6	2	24.968260288088246	29.956473186119023	28.966747395743567	1	0	3
7	2	25.471286070373132	25.488241816634	30.471884712149507	1	0	4
8	2	26.961610026439207	24.989060787533948	27.988934569504597	1	0	4
9	3	5.890074417638012	0.18712814906059028	8.705013405120663	0	1	0
