#The object outside the box will be placed into box
#type 1~vac;   2~sia; 3~vac_C;  4~sia_C
#no direction~0;    111~1;  -111~2; 1-11~3; 11-1~4
#id	type	x	y	z	size1	dir
1	1	24.465297623233692	24.45852181680789	23.46488815581727	1	0	0
2	1	25.997380672326194	27.981875035201494	23.946482865471513	1	0	0
3	1	21.96529780958039	22.97433648168045	25.001478089994713	1	0	0
4	1	24.00223449168429	24.998010839155107	24.972389069709575	1	0	0
5	1	25.49227592210983	25.47988987780504	24.4753513282081	1	0	0
6	2	32.96139005077325	18.99378817426343	28.992086338989374	1	0	3
7	2	28.482348168268214	32.47053000290537	21.466079360860927	1	0	2
8	2	22.99552049465522	30.631134196707325	24.336565416241683	3	0	2
9	3	5.232561449203937	2.9232923106984545	9.167495642358418	0	1	0
