#The object outside the box will be placed into box
#type 1~vac;   2~sia; 3~vac_C;  4~sia_C
#no direction~0;    111~1;  -111~2; 1-11~3; 11-1~4
#id	type	x	y	z	size1	dir
1	1	21.453504565383522	24.515565246428146	27.499681912195857	1	0	0
2	1	22.4578977946111	24.462429386863864	28.478438494297897	1	0	0
3	1	23.45890011503386	26.508285012712548	28.466084309267465	1	0	0
4	1	20.505934380748617	24.490762500780974	29.520040801222905	1	0	0
5	2	20.973844855807762	24.02202631448144	25.976927018188128	1	0	4
6	2	19.97342291224972	27.987106568498486	28.96703112362087	1	0	1
7	2	18.451982216244424	28.47966898363019	29.485058716859044	1	0	3
8	2	25.99860995942172	23.958994543518585	31.001509682372507	1	0	3
9	3	8.78910464374409	0.19562650264595471	4.468500184828602	0	1	0
