#The object outside the box will be placed into box
#type 1~vac;   2~sia; 3~vac_C;  4~sia_C
#no direction~0;    111~1;  -111~2; 1-11~3; 11-1~4
#id	type	x	y	z	size1	dir
1	1	13.000906659645347	19.96631866565759	25.98562039225927	1	0	0
2	1	11.993783902115075	22.957688808591442	26.97972773453658	1	0	0
3	1	16.996630125529677	21.985977484230887	27.98196520295911	1	0	0
4	1	14.97115571905377	22.98895868637417	29.943862924656955	1	0	0
5	2	6.509258511913262	22.501278554758287	15.478593109159712	1	0	3
6	2	10.975882490839147	19.962631209421488	19.983146557589688	1	0	3
7	2	15.526749304029943	26.455586767331905	28.49422566642004	1	0	1
8	2	10.485148677831939	21.503790372409092	23.49674652849805	1	0	3
9	3	7.292410071856279	5.516381590394511	9.7847926531435	0	1	0
