#The object outside the box will be placed into box
#type 1~vac;   2~sia; 3~vac_C;  4~sia_C
#no direction~0;    111~1;  -111~2; 1-11~3; 11-1~4
#id	type	x	y	z	size1	dir
1	1	17.98542643660369	24.99267831796958	22.993343243867937	1	0	0
2	1	16.997426006270253	25.469970823348678	23.97900036446048	2	0	0
3	1	19.465877173490192	24.507333230716814	23.476416103628733	1	0	0
4	1	18.987689302277946	25.984294926222287	24.983601730928562	1	0	0
5	2	17.718344879871733	21.732840671773744	20.76853865747605	2	0	4
6	2	11.012313270508736	31.96213653400949	30.9730743783301	1	0	3
7	2	17.010844170840578	25.981773835719288	18.98045010871779	1	0	4
8	2	19.482621589069144	21.50041854911297	24.455079812940422	1	0	4
9	3	4.76669563927836	0.6006768759477454	6.238048131269013	0	1	0
