#The object outside the box will be placed into box
#type 1~vac;   2~sia; 3~vac_C;  4~sia_C
#no direction~0;    111~1;  -111~2; 1-11~3; 11-1~4
#id	type	x	y	z	size1	dir
1	1	19.952668948407208	24.965322622545052	22.980201293195115	1	0	0
2	1	19.006334191198196	22.989986899370205	25.945782473588494	1	0	0
3	1	18.51648221886049	24.479315703951368	25.48691094053156	1	0	0
4	1	18.984430564377835	25.989211473486005	26.96431385693098	1	0	0
5	2	20.47332754053981	24.46541664467375	22.48593711191797	1	0	1
6	2	19.465877173490192	24.507333230716814	23.476416103628733	1	0	3
7	2	20.497427804215338	25.45530052918423	23.471247387202876	1	0	4
8	2	14.461761388048327	24.490093756578638	27.494033202740283	1	0	1
9	3	6.404218578160263	3.732344580778629	7.4069291175225676	0	1	0
