#The object outside the box will be placed into box
#type 1~vac;   2~sia; 3~vac_C;  4~sia_C
#no direction~0;    111~1;  -111~2; 1-11~3; 11-1~4
#id	type	x	y	z	size1	dir
1	1	33.45873255929547	56.430396468640126	38.45257282707919	1	0	0
2	1	35.95565088983218	50.93717319597929	40.94949235985266	1	0	0
3	1	33.45873255929547	54.43286144353973	42.44764407951675	1	0	0
4	1	30.462426715493766	55.43162925664912	42.44764407951675	1	0	0
5	1	33.9581188703237	47.940868854973544	42.94702798607144	1	0	0
6	1	38.70226417923815	54.18316949026238	43.696105048140254	2	0	0
7	1	39.950725147861654	43.945796400299216	43.945796400299216	1	0	0
8	1	37.953190122761264	46.94210074130496	43.945796400299216	1	0	0
9	1	35.95565088983218	47.940868854973544	43.945796400299216	1	0	0
10	1	35.95565088983218	48.93963696864213	43.945796400299216	1	0	0
11	1	34.95688307672279	52.934709423316455	43.945796400299216	1	0	0
12	1	41.44887566528897	54.43286144353973	44.44518090797229	1	0	0
13	1	38.45257282707919	57.42916608510467	44.44518090797229	1	0	0
14	1	38.45257282707919	41.44887566528897	45.44394872108168	1	0	0
15	1	30.462426715493766	47.44148479813925	45.44394872108168	1	0	0
16	1	31.96057963739462	52.934709423316455	44.944565115086185	1	0	0
17	1	39.950725147861654	49.93840508231071	45.94333262763638	1	0	0
18	1	33.708425113691206	51.686249356370524	46.19302458091373	2	0	0
19	1	36.954422309651875	53.93347753698504	45.94333262763638	1	0	0
20	1	41.94826017296205	53.93347753698504	45.94333262763638	1	0	0
21	1	38.45257282707919	28.464893493748523	47.44148479813925	1	0	0
22	1	32.95934624826724	49.93840508231071	46.94210074130496	1	0	0
23	1	33.45873255929547	51.43655725281358	47.44148479813925	1	0	0
24	1	36.45503720086041	51.43655725281358	47.44148479813925	1	0	0
25	1	41.44887566528897	52.43532536648216	47.44148479813925	1	0	0
26	1	42.94702798607144	51.93594130964787	46.94210074130496	1	0	0
27	1	37.953190122761264	52.934709423316455	46.94210074130496	1	0	0
28	1	38.95195553139712	52.934709423316455	46.94210074130496	1	0	0
29	1	41.44887566528897	53.43409363043034	47.44148479813925	1	0	0
30	1	37.45380381173303	54.43286144353973	47.44148479813925	1	0	0
31	1	35.95565088983218	36.954422309651875	47.940868854973544	1	0	0
32	1	30.961811824285228	41.94826017296205	47.940868854973544	1	0	0
33	1	39.451340640188576	44.44518090797229	48.44025291180783	1	0	0
34	1	40.94949235985266	44.944565115086185	47.940868854973544	1	0	0
35	1	40.28364735148586	49.605482390277814	48.93963696864213	3	0	0
36	1	34.45749676569456	50.437789139144996	48.44025291180783	1	0	0
37	1	34.45749676569456	51.43655725281358	48.44025291180783	1	0	0
38	1	33.45873255929547	53.43409363043034	48.44025291180783	1	0	0
39	1	39.451340640188576	47.44148479813925	49.439021025476414	1	0	0
40	1	39.451340640188576	48.44025291180783	49.439021025476414	1	0	0
41	1	35.95565088983218	48.93963696864213	48.93963696864213	1	0	0
42	1	37.45380381173303	53.43409363043034	49.439021025476414	1	0	0
43	1	42.44764407951675	53.43409363043034	49.439021025476414	1	0	0
44	1	37.953190122761264	47.940868854973544	49.93840508231071	1	0	0
45	1	40.450108453297965	51.43655725281358	50.437789139144996	1	0	0
46	1	36.954422309651875	46.94210074130496	50.93717319597929	1	0	0
47	1	36.954422309651875	48.93963696864213	50.93717319597929	1	0	0
48	1	46.94210074130496	53.93347753698504	50.93717319597929	1	0	0
49	1	39.451340640188576	54.43286144353973	52.43532536648216	1	0	0
50	1	37.953190122761264	50.93717319597929	52.934709423316455	1	0	0
51	1	28.464893493748523	53.43409363043034	56.430396468640126	1	0	0
52	1	25.967975163211815	51.93594130964787	57.92854999165936	1	0	0
53	1	28.964273793592913	51.93594130964787	57.92854999165936	1	0	0
54	1	29.963045213412606	52.934709423316455	58.92731780476875	1	0	0
55	1	30.961811824285228	54.93224504953523	59.92608501675976	1	0	0
56	2	32.45996234171255	61.42423733754222	41.44887566528897	1	0	3
57	2	41.44887566528897	26.467357867529742	48.44025291180783	1	0	1
58	2	39.451340640188576	65.41931339892686	54.43286144353973	1	0	1
59	2	38.95195553139712	58.92731780476875	60.9248546332243	1	0	4
60	2	39.451340640188576	27.466123276165597	45.44394872108168	1	0	2
61	2	45.69364067435903	58.178242546055095	51.186865224396435	2	0	2
62	2	27.965505980483524	53.93347753698504	60.9248546332243	1	0	4
63	2	31.96057963739462	50.93717319597929	61.923620041860154	1	0	2
64	2	26.96674057184767	55.931013764322195	63.92115927478924	1	0	4
65	2	25.46858524547328	58.42793449933244	51.43655725281358	1	0	4
66	2	37.45380381173303	42.44764407951675	35.45626698327748	1	0	1
67	2	37.953190122761264	66.91746391635418	40.94949235985266	1	0	2
68	2	26.467357867529742	49.439021025476414	43.44641369598129	1	0	4
69	2	27.965505980483524	62.92238785496954	44.944565115086185	1	0	4
70	2	37.45380381173303	52.43532536648216	56.430396468640126	1	0	4
71	2	31.461195730839922	51.43655725281358	61.42423733754222	1	0	3
72	2	45.94333262763638	41.94826017296205	38.95195553139712	1	0	1
73	2	37.953190122761264	61.923620041860154	38.95195553139712	1	0	1
74	2	31.96057963739462	61.923620041860154	43.945796400299216	1	0	2
75	2	38.561812868788536	38.031217693493566	50.73429844637155	32	0	1
76	2	40.94949235985266	38.95195553139712	48.93963696864213	1	0	1
77	2	35.45626698327748	40.450108453297965	49.439021025476414	1	0	4
78	2	37.953190122761264	39.950725147861654	48.93963696864213	1	0	4
79	2	38.95195553139712	39.950725147861654	49.93840508231071	1	0	4
80	2	46.94210074130496	57.92854999165936	51.93594130964787	1	0	4
81	2	25.967975163211815	58.92731780476875	51.93594130964787	1	0	1
82	2	35.45626698327748	40.450108453297965	55.43162925664912	1	0	4
