#The object outside the box will be placed into box
#type 1~vac;   2~sia; 3~vac_C;  4~sia_C
#no direction~0;    111~1;  -111~2; 1-11~3; 11-1~4
#id	type	x	y	z	size1	dir
1	1	10.98578606649712	10.98578606649712	5.992246808744251	1	0	0
2	1	9.48772428917126	11.485139917132608	7.49030866120991	1	0	0
3	1	10.486432140721833	11.485139917132608	8.489016512760482	1	0	0
4	1	9.48772428917126	11.485139917132608	9.48772428917126	1	0	0
5	2	7.49030866120991	10.486432140721833	8.489016512760482	1	0	3
6	2	7.989662511845398	11.984493918047693	6.99095481057442	1	0	1
7	2	7.49030866120991	10.486432140721833	3.4954931846447934	1	0	4
8	2	14.98061732241982	5.992246808744251	10.98578606649712	1	0	4
9	3	7.4432680157442475	4.2988925329339365	4.65446924511702	0	1	0
