#The object outside the box will be placed into box
#type 1~vac;   2~sia; 3~vac_C;  4~sia_C
#no direction~0;    111~1;  -111~2; 1-11~3; 11-1~4
#id	type	x	y	z	size1	dir
1	1	62.96065895857211	57.96632231728271	42.953924016174064	1	0	0
2	1	63.448187908914385	59.44318640619056	43.45055119381919	1	0	0
3	1	65.96309530821426	49.94645465859246	49.94755771082732	1	0	0
4	1	71.46107853679976	57.44120408186505	51.42086340432057	1	0	0
5	1	70.95824180624668	58.91517506312993	51.94415499124848	1	0	0
6	1	71.92618907756547	56.918537958615815	54.94295637802186	1	0	0
7	1	67.41742850326793	52.41613631514469	55.42953045181096	1	0	0
8	1	69.1856284491692	57.16175045683074	55.20499560346823	2	0	0
9	1	68.43217764973753	58.43285239911252	56.44283030185645	1	0	0
10	1	69.4612670763787	58.43930044573938	56.42612672475772	1	0	0
11	1	70.89873950187618	58.96829514333663	56.9257234272204	1	0	0
12	1	70.92691392053987	57.922723200882494	56.95694551609158	1	0	0
13	1	72.43781896784145	58.45158535187604	57.42605439578927	1	0	0
14	1	63.938481102146035	55.95540504443544	57.947705981485704	1	0	0
15	1	65.42421972717804	56.445020476688995	58.95849518546012	2	0	0
16	1	68.43964714677861	59.4447369910624	58.4589571671797	1	0	0
17	1	67.94201129248493	57.942042394350125	58.9462844423041	1	0	0
18	1	69.93202031541614	59.92877708435096	58.95110638856212	1	0	0
19	1	64.95140284872791	56.91025154169073	61.94687370543145	1	0	0
20	1	62.95069031184906	57.91844008211604	61.960387748384036	1	0	0
21	1	63.447746688020445	59.422389062616375	62.43495763832186	1	0	0
22	1	66.93832332540151	59.929050957174134	61.966041567345876	1	0	0
23	1	75.43233588333202	61.45055490151738	50.429435847799674	1	0	0
24	1	74.44352379290042	61.46494507451482	53.44875550893741	1	0	0
25	1	71.93807198578276	74.9080680801483	54.94229454668095	1	0	0
26	1	71.43121617771345	60.44707075113608	55.95267927312265	2	0	0
27	1	72.30924936337234	62.80112845116972	55.8220219845055	4	0	0
28	1	73.44273622202039	62.435465132517656	55.92570138060254	2	0	0
29	1	74.68266671965485	64.70482228420677	55.67612694596929	2	0	0
30	1	72.42669467102493	65.43659014240485	55.446328705055194	1	0	0
31	1	67.39628175963297	60.43493556104696	56.40208018603777	1	0	0
32	1	75.44544627528967	61.43383268974874	56.44853461476256	1	0	0
33	1	72.43920634907201	67.43482547042274	56.49949592857229	1	0	0
34	1	76.94922806973942	67.91333133326019	56.94335963949209	1	0	0
35	1	73.42672483274097	60.45060209622339	57.45382305954369	1	0	0
36	1	68.43854409454374	62.44590926388254	57.44086685445156	1	0	0
37	1	65.93315480373802	63.918563044488224	56.95742851471322	1	0	0
38	1	71.43970757600752	63.41670373242772	57.40949899437222	1	0	0
39	1	73.89432761032725	64.93649571392012	57.929577904096206	1	0	0
40	1	72.43967762588515	65.41497031860159	57.42537994096229	1	0	0
41	1	64.95959699398104	59.981477934969284	58.91693994670571	1	0	0
42	1	68.6518437397281	61.17289644139744	58.20259550487135	2	0	0
43	1	71.4676331316602	60.437419006511156	58.43368750282766	1	0	0
44	1	73.69648632550893	64.19495757806575	59.17496866057282	2	0	0
45	1	66.94929133143818	63.94232615589006	59.93308713838688	1	0	0
46	1	76.48134276651261	66.46804316653237	59.43793586252467	1	0	0
47	1	63.979136541819216	61.939754359849125	60.9291397807653	1	0	0
48	1	71.43999370835836	68.42704109314522	60.46563835877407	1	0	0
49	1	72.43318674957342	62.927945194430734	61.90891443199064	2	0	0
50	1	76.91881508621326	63.91178723806242	61.92665914613067	1	0	0
51	1	77.43271239503414	65.43548709016999	61.430283987368085	1	0	0
52	1	67.45594095590172	62.43235750075135	63.39848744091535	1	0	0
53	1	72.41969765303378	63.45991182131907	63.40362459862604	1	0	0
54	1	68.44097080946044	63.43936349103551	66.42833268495903	1	0	0
55	2	74.40208028702565	68.40872982492816	46.48402418731103	1	0	4
56	2	67.97226618187607	72.92814402034746	47.93791435811559	1	0	2
57	2	72.67787679677652	76.66016466565738	53.223952261236164	2	0	3
58	2	78.44456415089229	67.42883712908014	64.44522510219589	1	0	4
59	2	81.4189075334118	71.39943023979795	64.45187497432022	1	0	3
60	2	75.84689477246678	56.01796103019726	45.86682708865267	7	0	4
61	2	77.16438637296747	57.1997606750546	44.70226962296624	2	0	1
62	2	70.25213809634022	53.26239077630871	46.29865731119997	3	0	3
63	2	63.93012946387626	52.948881690899654	46.955279360199214	1	0	1
64	2	76.92322609291594	56.941399392441475	46.94853481192939	1	0	3
65	2	58.44991183829465	53.44355523379639	53.437283765694865	1	0	1
66	2	70.9280151694196	55.948093340970196	70.91311104020372	1	0	2
67	2	55.95761114890516	54.931169047627655	74.92927673897681	1	0	3
68	2	79.38276087114423	71.41758641947192	55.43536099957773	1	0	3
69	2	79.42312476840111	73.91648964291298	57.94458181896384	4	0	2
70	2	75.79860452819689	72.36144928161255	60.778907823367256	23	0	1
71	2	58.45722669763141	60.4855028417559	61.442168398381334	1	0	2
72	2	78.91660919333721	84.95130998795993	63.93586533549754	1	0	3
73	2	68.43624301336934	74.42502377351074	68.4164199324162	1	0	4
74	2	61.45140262871858	48.45178040878051	43.485597597850145	1	0	4
75	2	68.42366881901032	58.48842113505693	44.464481617049614	1	0	1
76	2	67.76117264116145	57.10532828306047	46.12027543071238	3	0	4
77	2	61.944135010073396	49.94374481691685	47.94075283912541	1	0	1
78	2	61.94890338165543	62.92330756609724	42.43216287665212	2	0	3
79	2	76.4197894462155	78.43022387072072	61.47862292222709	1	0	1
80	2	52.466813600517916	46.44888040210184	56.453451162026276	1	0	3
81	2	74.42927848943354	78.4217156411119	52.4550268712421	1	0	1
