#The object outside the box will be placed into box
#type 1~vac;   2~sia; 3~vac_C;  4~sia_C
#no direction~0;    111~1;  -111~2; 1-11~3; 11-1~4
#id	type	x	y	z	size1	dir
1	1	19.977211314401735	23.990132175256804	26.976769630968327	1	0	0
2	1	21.969281421111955	25.987580038191503	27.002896640415713	1	0	0
3	1	22.985256698805564	28.95883667780855	26.964447305212254	1	0	0
4	1	23.468323246823324	25.47144356338977	27.487579595768374	1	0	0
5	2	21.488067820513244	30.446703863038724	28.483734347261993	1	0	3
6	2	29.464415710429982	36.48937188072457	20.485338749962203	1	0	3
7	2	23.456441841402004	23.496341074147963	26.48486904717754	1	0	3
8	2	20.969000893588927	29.98070907712997	27.987547789392433	1	0	2
9	3	4.733399909954316	7.761088277413915	5.008146193856118	0	1	0
