#The object outside the box will be placed into box
#type 1~vac;   2~sia; 3~vac_C;  4~sia_C
#no direction~0;    111~1;  -111~2; 1-11~3; 11-1~4
#id	type	x	y	z	size1	dir
1	1	13.482539840876173	10.486432140721833	6.491616589016918	1	0	0
2	1	9.987078214946546	9.987078214946546	6.99095481057442	1	0	0
3	1	14.98061732241982	10.98578606649712	6.99095481057442	1	0	0
4	1	12.983201619318672	11.984493918047693	6.99095481057442	1	0	0
5	2	13.98190962114884	5.992246808744251	4.993539107473273	1	0	4
6	2	13.482539840876173	6.491616589016918	5.492908587186749	1	0	2
7	2	14.481247842706344	7.49030866120991	5.492908587186749	1	0	2
8	2	12.483847768683182	13.482539840876173	5.492908587186749	1	0	3
9	3	5.152709391657595	6.512042839882607	4.999708273957029	0	1	0
