#The object outside the box will be placed into box
#type 1~vac;   2~sia; 3~vac_C;  4~sia_C
#no direction~0;    111~1;  -111~2; 1-11~3; 11-1~4
#id	type	x	y	z	size1	dir
1	1	22.98172061991098	22.986050475631796	26.99946124885047	1	0	0
2	1	25.493411434737432	24.468796132229272	27.500248766832083	1	0	0
3	1	23.48452248559778	24.456410388483672	29.478723530208804	1	0	0
4	1	24.46763026312327	25.469646820539637	29.466432462608704	1	0	0
5	2	25.974437185841104	29.978251104057303	27.966936642237727	1	0	1
6	2	22.964594757147403	21.975269461895365	30.994103903880152	1	0	2
7	2	24.96224098914886	26.96425735180287	29.00702533307152	1	0	4
8	2	26.46728332885011	26.472956684159435	28.482915022904436	1	0	3
9	3	5.101258153030886	1.0747821846114114	5.941049781255726	0	1	0
