#The object outside the box will be placed into box
#type 1~vac;   2~sia; 3~vac_C;  4~sia_C
#no direction~0;    111~1;  -111~2; 1-11~3; 11-1~4
#id	type	x	y	z	size1	dir
1	1	9.987078214946546	9.987078214946546	4.993539107473273	1	0	0
2	1	9.987078214946546	10.98578606649712	6.99095481057442	1	0	0
3	1	9.48772428917126	12.483847768683182	7.49030866120991	1	0	0
4	1	8.489016512760482	11.485139917132608	11.485139917132608	1	0	0
5	2	7.989662511845398	9.987078214946546	8.988370363395973	1	0	3
6	2	5.492908587186749	13.482539840876173	10.486432140721833	1	0	4
7	2	13.482539840876173	10.486432140721833	6.491616589016918	1	0	2
8	2	4.494169026641413	12.483847768683182	10.486432140721833	1	0	4
9	3	1.4989311335227606	8.205263896292873	8.032070627713804	0	1	0
