#The object outside the box will be placed into box
#type 1~vac;   2~sia; 3~vac_C;  4~sia_C
#no direction~0;    111~1;  -111~2; 1-11~3; 11-1~4
#id	type	x	y	z	size1	dir
1	1	22.986520550208176	25.993031580817085	27.00570145879602	1	0	0
2	1	23.955622269383674	26.972389281303244	27.939612204969173	1	0	0
3	1	25.967157642209415	27.9616419915104	27.97481610201677	1	0	0
4	1	22.95578296275459	27.96359562625879	28.941565945514398	1	0	0
5	2	27.981402556151576	27.96224070542098	31.959940047433914	1	0	3
6	2	28.459845301558683	26.452911790522574	31.474500885154033	1	0	2
7	2	27.983513683916602	26.95489733744374	30.975823893819065	1	0	4
8	2	25.45921501210162	28.50270744681997	32.47103374011127	1	0	3
9	3	6.113032160973883	0.8417675799603608	9.413044289431996	0	1	0
