#The object outside the box will be placed into box
#type 1~vac;   2~sia; 3~vac_C;  4~sia_C
#no direction~0;    111~1;  -111~2; 1-11~3; 11-1~4
#id	type	x	y	z	size1	dir
1	1	47.940868854973544	48.93963696864213	43.945796400299216	1	0	0
2	1	55.931013764322195	50.93717319597929	45.94333262763638	1	0	0
3	1	30.961811824285228	49.93840508231071	46.94210074130496	1	0	0
4	1	59.426701711323446	50.437789139144996	47.44148479813925	1	0	0
5	1	44.944565115086185	45.94333262763638	47.940868854973544	1	0	0
6	1	44.944565115086185	47.940868854973544	49.93840508231071	1	0	0
7	1	38.45257282707919	59.426701711323446	50.437789139144996	1	0	0
8	1	48.44025291180783	49.439021025476414	51.43655725281358	1	0	0
9	1	52.43532536648216	50.437789139144996	51.43655725281358	1	0	0
10	1	55.931013764322195	50.93717319597929	50.93717319597929	1	0	0
11	1	45.44394872108168	52.43532536648216	51.43655725281358	1	0	0
12	1	56.92978217854997	52.934709423316455	50.93717319597929	1	0	0
13	1	45.44394872108168	48.44025291180783	52.43532536648216	1	0	0
14	1	48.44025291180783	50.77071186874779	52.76824802094516	3	0	0
15	1	45.94333262763638	50.93717319597929	51.93594130964787	1	0	0
16	1	42.94702798607144	52.934709423316455	51.93594130964787	1	0	0
17	1	49.93840508231071	52.934709423316455	51.93594130964787	1	0	0
18	1	53.93347753698504	54.93224504953523	51.93594130964787	1	0	0
19	1	47.44148479813925	48.44025291180783	53.43409363043034	1	0	0
20	1	49.93840508231071	47.940868854973544	52.934709423316455	1	0	0
21	1	50.088220295604	50.088220295604	53.783662304906784	10	0	0
22	1	45.44394872108168	50.437789139144996	53.43409363043034	1	0	0
23	1	52.185633262925215	50.68748116756214	53.18440167715299	2	0	0
24	1	45.94333262763638	52.934709423316455	52.934709423316455	1	0	0
25	1	50.77071186874779	54.09993893935633	53.43409363043034	3	0	0
26	1	28.464893493748523	58.42793449933244	53.43409363043034	1	0	0
27	1	50.437789139144996	47.44148479813925	54.43286144353973	1	0	0
28	1	44.944565115086185	48.93963696864213	53.93347753698504	1	0	0
29	1	47.940868854973544	49.93840508231071	53.93347753698504	1	0	0
30	1	49.93840508231071	51.93594130964787	53.93347753698504	1	0	0
31	1	45.94333262763638	52.934709423316455	53.93347753698504	1	0	0
32	1	47.44148479813925	53.43409363043034	54.43286144353973	1	0	0
33	1	45.94333262763638	56.92978217854997	53.93347753698504	1	0	0
34	1	49.439021025476414	45.44394872108168	55.43162925664912	1	0	0
35	1	48.93963696864213	51.93594130964787	54.93224504953523	1	0	0
36	1	49.93840508231071	51.93594130964787	54.93224504953523	1	0	0
37	1	30.961811824285228	57.92854999165936	54.93224504953523	1	0	0
38	1	49.439021025476414	48.44025291180783	56.430396468640126	1	0	0
39	1	42.94702798607144	48.93963696864213	55.931013764322195	1	0	0
40	1	28.464893493748523	58.42793449933244	56.430396468640126	1	0	0
41	1	45.94333262763638	46.94210074130496	56.92978217854997	1	0	0
42	1	48.44025291180783	48.44025291180783	57.42916608510467	1	0	0
43	1	52.43532536648216	51.43655725281358	57.42916608510467	1	0	0
44	1	49.93840508231071	42.94702798607144	58.92731780476875	1	0	0
45	2	39.451340640188576	53.43409363043034	52.43532536648216	1	0	2
46	2	36.954422309651875	52.934709423316455	54.93224504953523	1	0	1
47	2	60.67516207882857	53.68378558370769	50.18809711072785	3	0	2
48	2	37.45380381173303	53.43409363043034	54.43286144353973	1	0	1
49	2	37.953190122761264	42.94702798607144	37.953190122761264	1	0	4
50	2	60.9248546332243	43.945796400299216	44.944565115086185	1	0	1
51	2	67.9162305272268	54.93224504953523	44.944565115086185	1	0	3
52	2	25.967975163211815	50.93717319597929	47.940868854973544	1	0	2
53	2	27.965505980483524	58.92731780476875	48.93963696864213	1	0	2
54	2	47.940868854973544	38.95195553139712	49.93840508231071	1	0	3
55	2	33.45873255929547	49.439021025476414	50.437789139144996	1	0	4
56	2	33.95811646585017	50.6042504663765	51.27009585044228	3	0	3
57	2	34.45749676569456	51.43655725281358	52.43532536648216	1	0	2
58	2	37.953190122761264	53.93347753698504	52.934709423316455	1	0	3
59	2	58.92731780476875	64.91992708789863	43.945796400299216	1	0	1
60	2	45.44394872108168	40.450108453297965	48.44025291180783	1	0	3
61	2	22.971671723883645	43.945796400299216	47.940868854973544	1	0	2
62	2	46.94210074130496	39.950725147861654	49.93840508231071	1	0	2
63	2	64.91992708789863	46.94210074130496	49.93840508231071	1	0	4
64	2	61.42423733754222	53.43409363043034	50.437789139144996	1	0	2
65	2	39.451340640188576	52.43532536648216	51.43655725281358	1	0	3
66	2	38.45257282707919	53.43409363043034	51.43655725281358	1	0	1
67	2	39.451340640188576	53.43409363043034	54.43286144353973	1	0	1
68	2	23.471047214780963	46.44271653419108	55.43162925664912	1	0	1
69	2	39.451340640188576	52.43532536648216	55.43162925664912	1	0	2
70	2	26.717048017451937	51.686249356370524	57.17947413182732	2	0	3
71	2	25.71828020434255	52.68501747003911	57.17947413182732	2	0	1
72	2	33.45873255929547	37.45380381173303	58.42793449933244	1	0	2
73	2	21.47351399303572	47.44148479813925	59.426701711323446	1	0	1
74	2	43.945796400299216	53.93347753698504	58.92731780476875	1	0	1
75	2	38.45257282707919	54.43286144353973	54.43286144353973	1	0	1
76	2	38.45257282707919	52.43532536648216	52.43532536648216	1	0	1
77	2	51.43655725281358	48.44025291180783	45.44394872108168	1	0	1
78	2	53.93347753698504	33.9581188703237	48.93963696864213	1	0	3
79	2	28.964273793592913	59.92608501675976	49.93840508231071	1	0	4
80	2	29.963045213412606	60.9248546332243	49.93840508231071	1	0	4
81	2	68.41561443378149	46.44271653419108	53.43409363043034	1	0	4
82	2	35.78918918690169	54.43286144353973	54.43286144353973	3	0	4
83	2	59.426701711323446	61.42423733754222	55.43162925664912	1	0	4
84	2	37.953190122761264	62.92238785496954	56.92978217854997	1	0	4
85	2	43.945796400299216	34.95688307672279	57.92854999165936	1	0	1
86	2	36.954422309651875	62.92238785496954	57.92854999165936	1	0	3
87	2	46.44271653419108	64.42054318134393	58.42793449933244	1	0	3
88	2	28.964273793592913	66.91746391635418	65.91869129429772	1	0	4
89	2	37.45380381173303	54.43286144353973	53.43409363043034	1	0	2
90	2	25.967975163211815	49.93840508231071	46.94210074130496	1	0	4
91	2	49.439021025476414	58.42793449933244	49.439021025476414	1	0	3
92	2	49.93840508231071	61.923620041860154	48.93963696864213	1	0	4
93	2	44.944565115086185	38.95195553139712	54.93224504953523	1	0	2
94	2	53.93347753698504	39.950725147861654	59.92608501675976	1	0	3
