#The object outside the box will be placed into box
#type 1~vac;   2~sia; 3~vac_C;  4~sia_C
#no direction~0;    111~1;  -111~2; 1-11~3; 11-1~4
#id	type	x	y	z	size1	dir
1	1	21.969281421111955	25.987580038191503	27.002896640415713	1	0	0
2	1	22.969120577461442	26.97286176035316	27.96425805871809	1	0	0
3	1	22.95578296275459	27.96359562625879	28.941565945514398	1	0	0
4	1	24.465235106921742	30.44396156097037	28.486728517933294	1	0	0
5	2	23.465392193582357	25.503085232893074	28.51909513620785	1	0	2
6	2	24.991140957702193	33.97847153657324	28.00128875453503	1	0	4
7	2	22.973677956490647	24.973775549262545	30.988870567228002	1	0	2
8	2	28.003557976435083	33.947459839136485	27.966085458605814	1	0	3
9	3	6.942129726096193	4.032159269773498	7.212782904904036	0	1	0
