#The object outside the box will be placed into box
#type 1~vac;   2~sia; 3~vac_C;  4~sia_C
#no direction~0;    111~1;  -111~2; 1-11~3; 11-1~4
#id	type	x	y	z	size1	dir
1	1	12.284106198373067	9.687465840696424	6.891090412302194	5	0	0
2	1	9.987078214946546	9.987078214946546	6.99095481057442	1	0	0
3	2	15.479987403251679	9.48772428917126	7.49030866120991	1	0	2
4	2	15.479987403251679	10.486432140721833	8.489016512760482	1	0	2
5	2	14.481247842706344	15.479987403251679	5.492908587186749	1	0	3
6	2	8.988370363395973	4.993539107473273	10.98578606649712	1	0	3
7	2	14.481247842706344	7.49030866120991	4.494169026641413	1	0	1
8	2	15.979325023690796	10.98578606649712	5.992246808744251	1	0	1
9	3	0.19988992599205502	0.9535774879522474	2.0461968238510253	0	1	0
