!	208	1													
#	Size1	Size2	Fmig	Emig	Femit1	Eemig1	Eb1	Femit2	Eemig2	Eb2	Frotate	Erotate	Ftm	Etm	R
#	n	n	(s-1)	(eV)	(s-1)	(eV)	(eV)	(s-1)	(eV)	(eV)	(s-1)	(eV)	(s-1)	(eV)	a0
	1	0	6.00E+12	0.032	6.00E+12	0.032	10	6.00E+12	0	10	6.00E+12	0.38	6.00E+12	10	4.98E-01
	2	0	4.24E+12	0.024	6.00E+12	0.024	2.12	6.00E+12	0	10	6.00E+12	0.61	6.00E+12	10	6.45E-01
	3	0	3.46E+12	0.013	6.00E+12	0.013	3.02	6.00E+12	0	10	6.00E+12	0.95	6.00E+12	10	7.48E-01
	4	0	3.00E+12	0.013	6.00E+12	0.013	3.6	6.00E+12	0	10	6.00E+12	1.2	6.00E+12	10	8.30E-01
	5	0	2.68E+12	0.013	6.00E+12	0.013	3.98	6.00E+12	0	10	6.00E+12	1.5	6.00E+12	10	9.00E-01
	6	0	2.45E+12	0.013	6.00E+12	0.013	4.27	6.00E+12	0	10	6.00E+12	10	6.00E+12	10	9.60E-01
	7	0	2.27E+12	0.013	6.00E+12	0.013	5.39	6.00E+12	0	10	6.00E+12	10	6.00E+12	10	1.01E+00
	8	0	2.12E+12	0.013	6.00E+12	0.013	5.412777579	6.00E+12	0	10	6.00E+12	10	6.00E+12	10	1.06E+00
	9	0	2.00E+12	0.013	6.00E+12	0.013	5.59890823	6.00E+12	0	10	6.00E+12	10	6.00E+12	10	1.11E+00
	10	0	1.90E+12	0.013	6.00E+12	0.013	5.757851309	6.00E+12	0	10	6.00E+12	10	6.00E+12	10	1.15E+00
	11	0	1.81E+12	0.013	6.00E+12	0.013	5.895878747	6.00E+12	0	10	6.00E+12	10	6.00E+12	10	1.19E+00
	12	0	1.73E+12	0.013	6.00E+12	0.013	6.017379369	6.00E+12	0	10	6.00E+12	10	6.00E+12	10	1.23E+00
	13	0	1.66E+12	0.013	6.00E+12	0.013	6.125533803	6.00E+12	0	10	6.00E+12	10	6.00E+12	10	1.26E+00
	14	0	1.60E+12	0.013	6.00E+12	0.013	6.222714197	6.00E+12	0	10	6.00E+12	10	6.00E+12	10	1.30E+00
	15	0	1.55E+12	0.013	6.00E+12	0.013	6.310732626	6.00E+12	0	10	6.00E+12	10	6.00E+12	10	1.33E+00
	16	0	1.50E+12	0.013	6.00E+12	0.013	6.39100172	6.00E+12	0	10	6.00E+12	10	6.00E+12	10	1.36E+00
	17	0	1.46E+12	0.013	6.00E+12	0.013	6.464642087	6.00E+12	0	10	6.00E+12	10	6.00E+12	10	1.39E+00
	18	0	1.41E+12	0.013	6.00E+12	0.013	6.532556249	6.00E+12	0	10	6.00E+12	10	6.00E+12	10	1.41E+00
	19	0	1.38E+12	0.013	6.00E+12	0.013	6.595480789	6.00E+12	0	10	6.00E+12	10	6.00E+12	10	1.44E+00
	20	0	1.34E+12	0.013	6.00E+12	0.013	6.654023958	6.00E+12	0	10	6.00E+12	10	6.00E+12	10	1.47E+00
	21	0	1.31E+12	0.013	6.00E+12	0.013	6.708693307	6.00E+12	0	10	6.00E+12	10	6.00E+12	10	1.49E+00
	22	0	1.28E+12	0.013	6.00E+12	0.013	6.75991634	6.00E+12	0	10	6.00E+12	10	6.00E+12	10	1.52E+00
	23	0	1.25E+12	0.013	6.00E+12	0.013	6.808056189	6.00E+12	0	10	6.00E+12	10	6.00E+12	10	1.54E+00
	24	0	1.22E+12	0.013	6.00E+12	0.013	6.853423674	6.00E+12	0	10	6.00E+12	10	6.00E+12	10	1.56E+00
	25	0	1.20E+12	0.013	6.00E+12	0.013	6.896286694	6.00E+12	0	10	6.00E+12	10	6.00E+12	10	1.59E+00
	26	0	1.18E+12	0.013	6.00E+12	0.013	6.936877631	6.00E+12	0	10	6.00E+12	10	6.00E+12	10	1.61E+00
	27	0	1.15E+12	0.013	6.00E+12	0.013	6.975399233	6.00E+12	0	10	6.00E+12	10	6.00E+12	10	1.63E+00
	28	0	1.13E+12	0.013	6.00E+12	0.013	7.012029353	6.00E+12	0	10	6.00E+12	10	6.00E+12	10	1.65E+00
	29	0	1.11E+12	0.013	6.00E+12	0.013	7.046924776	6.00E+12	0	10	6.00E+12	10	6.00E+12	10	1.67E+00
	30	0	1.10E+12	0.013	6.00E+12	0.013	7.080224357	6.00E+12	0	10	6.00E+12	10	6.00E+12	10	1.69E+00
	31	0	1.08E+12	0.013	6.00E+12	0.013	7.112051597	6.00E+12	0	10	6.00E+12	10	6.00E+12	10	1.71E+00
	32	0	1.06E+12	0.013	6.00E+12	0.013	7.142516779	6.00E+12	0	10	6.00E+12	10	6.00E+12	10	1.73E+00
	33	0	1.04E+12	0.013	6.00E+12	0.013	7.171718751	6.00E+12	0	10	6.00E+12	10	6.00E+12	10	1.75E+00
	34	0	1.03E+12	0.013	6.00E+12	0.013	7.199746421	6.00E+12	0	10	6.00E+12	10	6.00E+12	10	1.76E+00
	35	0	1.01E+12	0.013	6.00E+12	0.013	7.226680019	6.00E+12	0	10	6.00E+12	10	6.00E+12	10	1.78E+00
	36	0	1.00E+12	0.013	6.00E+12	0.013	7.252592165	6.00E+12	0	10	6.00E+12	10	6.00E+12	10	1.80E+00
	37	0	9.86E+11	0.013	6.00E+12	0.013	7.277548783	6.00E+12	0	10	6.00E+12	10	6.00E+12	10	1.82E+00
	38	0	9.73E+11	0.013	6.00E+12	0.013	7.301609882	6.00E+12	0	10	6.00E+12	10	6.00E+12	10	1.83E+00
	39	0	9.61E+11	0.013	6.00E+12	0.013	7.324830228	6.00E+12	0	10	6.00E+12	10	6.00E+12	10	1.85E+00
	40	0	9.49E+11	0.013	6.00E+12	0.013	7.347259925	6.00E+12	0	10	6.00E+12	10	6.00E+12	10	1.87E+00
	41	0	9.37E+11	0.013	6.00E+12	0.013	7.368944915	6.00E+12	0	10	6.00E+12	10	6.00E+12	10	1.88E+00
	42	0	9.26E+11	0.013	6.00E+12	0.013	7.38992742	6.00E+12	0	10	6.00E+12	10	6.00E+12	10	1.90E+00
	43	0	9.15E+11	0.013	6.00E+12	0.013	7.410246325	6.00E+12	0	10	6.00E+12	10	6.00E+12	10	1.91E+00
	44	0	9.05E+11	0.013	6.00E+12	0.013	7.429937507	6.00E+12	0	10	6.00E+12	10	6.00E+12	10	1.93E+00
	45	0	8.94E+11	0.013	6.00E+12	0.013	7.449034138	6.00E+12	0	10	6.00E+12	10	6.00E+12	10	1.94E+00
	46	0	8.85E+11	0.013	6.00E+12	0.013	7.467566941	6.00E+12	0	10	6.00E+12	10	6.00E+12	10	1.96E+00
	47	0	8.75E+11	0.013	6.00E+12	0.013	7.485564417	6.00E+12	0	10	6.00E+12	10	6.00E+12	10	1.97E+00
	48	0	8.66E+11	0.013	6.00E+12	0.013	7.503053055	6.00E+12	0	10	6.00E+12	10	6.00E+12	10	1.99E+00
	49	0	8.57E+11	0.013	6.00E+12	0.013	7.52005751	6.00E+12	0	10	6.00E+12	10	6.00E+12	10	2.00E+00
	50	0	8.49E+11	0.013	6.00E+12	0.013	7.536600765	6.00E+12	0	10	6.00E+12	10	6.00E+12	10	2.02E+00
	51	0	8.40E+11	0.013	6.00E+12	0.013	7.552704275	6.00E+12	0	10	6.00E+12	10	6.00E+12	10	2.03E+00
	52	0	8.32E+11	0.013	6.00E+12	0.013	7.568388096	6.00E+12	0	10	6.00E+12	10	6.00E+12	10	2.04E+00
	53	0	8.24E+11	0.013	6.00E+12	0.013	7.583671005	6.00E+12	0	10	6.00E+12	10	6.00E+12	10	2.06E+00
	54	0	8.16E+11	0.013	6.00E+12	0.013	7.598570598	6.00E+12	0	10	6.00E+12	10	6.00E+12	10	2.07E+00
	55	0	8.09E+11	0.013	6.00E+12	0.013	7.613103392	6.00E+12	0	10	6.00E+12	10	6.00E+12	10	2.08E+00
	56	0	8.02E+11	0.013	6.00E+12	0.013	7.627284901	6.00E+12	0	10	6.00E+12	10	6.00E+12	10	2.10E+00
	57	0	7.95E+11	0.013	6.00E+12	0.013	7.641129723	6.00E+12	0	10	6.00E+12	10	6.00E+12	10	2.11E+00
	58	0	7.88E+11	0.013	6.00E+12	0.013	7.654651601	6.00E+12	0	10	6.00E+12	10	6.00E+12	10	2.12E+00
	59	0	7.81E+11	0.013	6.00E+12	0.013	7.667863492	6.00E+12	0	10	6.00E+12	10	6.00E+12	10	2.13E+00
	60	0	7.75E+11	0.013	6.00E+12	0.013	7.680777622	6.00E+12	0	10	6.00E+12	10	6.00E+12	10	2.15E+00
	61	0	7.68E+11	0.013	6.00E+12	0.013	7.693405541	6.00E+12	0	10	6.00E+12	10	6.00E+12	10	2.16E+00
	62	0	7.62E+11	0.013	6.00E+12	0.013	7.705758167	6.00E+12	0	10	6.00E+12	10	6.00E+12	10	2.17E+00
	63	0	7.56E+11	0.013	6.00E+12	0.013	7.717845836	6.00E+12	0	10	6.00E+12	10	6.00E+12	10	2.18E+00
	64	0	7.50E+11	0.013	6.00E+12	0.013	7.729678335	6.00E+12	0	10	6.00E+12	10	6.00E+12	10	2.20E+00
	65	0	7.44E+11	0.013	6.00E+12	0.013	7.741264944	6.00E+12	0	10	6.00E+12	10	6.00E+12	10	2.21E+00
	66	0	7.39E+11	0.013	6.00E+12	0.013	7.752614468	6.00E+12	0	10	6.00E+12	10	6.00E+12	10	2.22E+00
	67	0	7.33E+11	0.013	6.00E+12	0.013	7.76373527	6.00E+12	0	10	6.00E+12	10	6.00E+12	10	2.23E+00
	68	0	7.28E+11	0.013	6.00E+12	0.013	7.774635295	6.00E+12	0	10	6.00E+12	10	6.00E+12	10	2.24E+00
	69	0	7.22E+11	0.013	6.00E+12	0.013	7.785322102	6.00E+12	0	10	6.00E+12	10	6.00E+12	10	2.25E+00
	70	0	7.17E+11	0.013	6.00E+12	0.013	7.795802885	6.00E+12	0	10	6.00E+12	10	6.00E+12	10	2.26E+00
	71	0	7.12E+11	0.013	6.00E+12	0.013	7.806084494	6.00E+12	0	10	6.00E+12	10	6.00E+12	10	2.27E+00
	72	0	7.07E+11	0.013	6.00E+12	0.013	7.816173461	6.00E+12	0	10	6.00E+12	10	6.00E+12	10	2.29E+00
	73	0	7.02E+11	0.013	6.00E+12	0.013	7.826076015	6.00E+12	0	10	6.00E+12	10	6.00E+12	10	2.30E+00
	74	0	6.97E+11	0.013	6.00E+12	0.013	7.835798101	6.00E+12	0	10	6.00E+12	10	6.00E+12	10	2.31E+00
	75	0	6.93E+11	0.013	6.00E+12	0.013	7.845345398	6.00E+12	0	10	6.00E+12	10	6.00E+12	10	2.32E+00
	76	0	6.88E+11	0.013	6.00E+12	0.013	7.854723332	6.00E+12	0	10	6.00E+12	10	6.00E+12	10	2.33E+00
	77	0	6.84E+11	0.013	6.00E+12	0.013	7.863937091	6.00E+12	0	10	6.00E+12	10	6.00E+12	10	2.34E+00
	78	0	6.79E+11	0.013	6.00E+12	0.013	7.872991641	6.00E+12	0	10	6.00E+12	10	6.00E+12	10	2.35E+00
	79	0	6.75E+11	0.013	6.00E+12	0.013	7.881891734	6.00E+12	0	10	6.00E+12	10	6.00E+12	10	2.36E+00
	80	0	6.71E+11	0.013	6.00E+12	0.013	7.890641922	6.00E+12	0	10	6.00E+12	10	6.00E+12	10	2.37E+00
	81	0	6.67E+11	0.013	6.00E+12	0.013	7.89924657	6.00E+12	0	10	6.00E+12	10	6.00E+12	10	2.38E+00
	82	0	6.63E+11	0.013	6.00E+12	0.013	7.907709862	6.00E+12	0	10	6.00E+12	10	6.00E+12	10	2.39E+00
	83	0	6.59E+11	0.013	6.00E+12	0.013	7.916035811	6.00E+12	0	10	6.00E+12	10	6.00E+12	10	2.40E+00
	84	0	6.55E+11	0.013	6.00E+12	0.013	7.924228272	6.00E+12	0	10	6.00E+12	10	6.00E+12	10	2.41E+00
	85	0	6.51E+11	0.013	6.00E+12	0.013	7.932290946	6.00E+12	0	10	6.00E+12	10	6.00E+12	10	2.42E+00
	86	0	6.47E+11	0.013	6.00E+12	0.013	7.940227388	6.00E+12	0	10	6.00E+12	10	6.00E+12	10	2.43E+00
	87	0	6.43E+11	0.013	6.00E+12	0.013	7.948041017	6.00E+12	0	10	6.00E+12	10	6.00E+12	10	2.44E+00
	88	0	6.40E+11	0.013	6.00E+12	0.013	7.95573512	6.00E+12	0	10	6.00E+12	10	6.00E+12	10	2.45E+00
	89	0	6.36E+11	0.013	6.00E+12	0.013	7.963312862	6.00E+12	0	10	6.00E+12	10	6.00E+12	10	2.46E+00
	90	0	6.32E+11	0.013	6.00E+12	0.013	7.970777287	6.00E+12	0	10	6.00E+12	10	6.00E+12	10	2.47E+00
	91	0	6.29E+11	0.013	6.00E+12	0.013	7.978131329	6.00E+12	0	10	6.00E+12	10	6.00E+12	10	2.48E+00
	92	0	6.26E+11	0.013	6.00E+12	0.013	7.985377811	6.00E+12	0	10	6.00E+12	10	6.00E+12	10	2.49E+00
	93	0	6.22E+11	0.013	6.00E+12	0.013	7.992519458	6.00E+12	0	10	6.00E+12	10	6.00E+12	10	2.50E+00
	94	0	6.19E+11	0.013	6.00E+12	0.013	7.999558894	6.00E+12	0	10	6.00E+12	10	6.00E+12	10	2.50E+00
	95	0	6.16E+11	0.013	6.00E+12	0.013	8.006498654	6.00E+12	0	10	6.00E+12	10	6.00E+12	10	2.51E+00
	96	0	6.12E+11	0.013	6.00E+12	0.013	8.013341181	6.00E+12	0	10	6.00E+12	10	6.00E+12	10	2.52E+00
	97	0	6.09E+11	0.013	6.00E+12	0.013	8.020088834	6.00E+12	0	10	6.00E+12	10	6.00E+12	10	2.53E+00
	98	0	6.06E+11	0.013	6.00E+12	0.013	8.026743891	6.00E+12	0	10	6.00E+12	10	6.00E+12	10	2.54E+00
	99	0	6.03E+11	0.013	6.00E+12	0.013	8.033308555	6.00E+12	0	10	6.00E+12	10	6.00E+12	10	2.55E+00
	100	0	6.00E+11	0.013	6.00E+12	0.013	8.03978495	6.00E+12	0	10	6.00E+12	10	6.00E+12	10	2.56E+00
	101	0	5.97E+11	0.013	6.00E+12	0.013	8.046175135	6.00E+12	0	10	6.00E+12	10	6.00E+12	10	2.57E+00
	102	0	5.94E+11	0.013	6.00E+12	0.013	8.052481098	6.00E+12	0	10	6.00E+12	10	6.00E+12	10	2.58E+00
	103	0	5.91E+11	0.013	6.00E+12	0.013	8.058704761	6.00E+12	0	10	6.00E+12	10	6.00E+12	10	2.58E+00
	104	0	5.88E+11	0.013	6.00E+12	0.013	8.064847987	6.00E+12	0	10	6.00E+12	10	6.00E+12	10	2.59E+00
	105	0	5.86E+11	0.013	6.00E+12	0.013	8.070912577	6.00E+12	0	10	6.00E+12	10	6.00E+12	10	2.60E+00
	106	0	5.83E+11	0.013	6.00E+12	0.013	8.076900276	6.00E+12	0	10	6.00E+12	10	6.00E+12	10	2.61E+00
	107	0	5.80E+11	0.013	6.00E+12	0.013	8.082812774	6.00E+12	0	10	6.00E+12	10	6.00E+12	10	2.62E+00
	108	0	5.77E+11	0.013	6.00E+12	0.013	8.088651709	6.00E+12	0	10	6.00E+12	10	6.00E+12	10	2.63E+00
	109	0	5.75E+11	0.013	6.00E+12	0.013	8.094418667	6.00E+12	0	10	6.00E+12	10	6.00E+12	10	2.63E+00
	110	0	5.72E+11	0.013	6.00E+12	0.013	8.100115188	6.00E+12	0	10	6.00E+12	10	6.00E+12	10	2.64E+00
	111	0	5.69E+11	0.013	6.00E+12	0.013	8.105742762	6.00E+12	0	10	6.00E+12	10	6.00E+12	10	2.65E+00
	112	0	5.67E+11	0.013	6.00E+12	0.013	8.111302837	6.00E+12	0	10	6.00E+12	10	6.00E+12	10	2.66E+00
	113	0	5.64E+11	0.013	6.00E+12	0.013	8.116796817	6.00E+12	0	10	6.00E+12	10	6.00E+12	10	2.67E+00
	114	0	5.62E+11	0.013	6.00E+12	0.013	8.122226066	6.00E+12	0	10	6.00E+12	10	6.00E+12	10	2.68E+00
	115	0	5.60E+11	0.013	6.00E+12	0.013	8.127591906	6.00E+12	0	10	6.00E+12	10	6.00E+12	10	2.68E+00
	116	0	5.57E+11	0.013	6.00E+12	0.013	8.132895621	6.00E+12	0	10	6.00E+12	10	6.00E+12	10	2.69E+00
	117	0	5.55E+11	0.013	6.00E+12	0.013	8.13813846	6.00E+12	0	10	6.00E+12	10	6.00E+12	10	2.70E+00
	118	0	5.52E+11	0.013	6.00E+12	0.013	8.143321636	6.00E+12	0	10	6.00E+12	10	6.00E+12	10	2.71E+00
	119	0	5.50E+11	0.013	6.00E+12	0.013	8.148446325	6.00E+12	0	10	6.00E+12	10	6.00E+12	10	2.71E+00
	120	0	5.48E+11	0.013	6.00E+12	0.013	8.153513675	6.00E+12	0	10	6.00E+12	10	6.00E+12	10	2.72E+00
	121	0	5.45E+11	0.013	6.00E+12	0.013	8.158524797	6.00E+12	0	10	6.00E+12	10	6.00E+12	10	2.73E+00
	122	0	5.43E+11	0.013	6.00E+12	0.013	8.163480775	6.00E+12	0	10	6.00E+12	10	6.00E+12	10	2.74E+00
	123	0	5.41E+11	0.013	6.00E+12	0.013	8.168382661	6.00E+12	0	10	6.00E+12	10	6.00E+12	10	2.75E+00
	124	0	5.39E+11	0.013	6.00E+12	0.013	8.173231482	6.00E+12	0	10	6.00E+12	10	6.00E+12	10	2.75E+00
	125	0	5.37E+11	0.013	6.00E+12	0.013	8.178028234	6.00E+12	0	10	6.00E+12	10	6.00E+12	10	2.76E+00
	126	0	5.35E+11	0.013	6.00E+12	0.013	8.182773887	6.00E+12	0	10	6.00E+12	10	6.00E+12	10	2.77E+00
	127	0	5.32E+11	0.013	6.00E+12	0.013	8.187469387	6.00E+12	0	10	6.00E+12	10	6.00E+12	10	2.78E+00
	128	0	5.30E+11	0.013	6.00E+12	0.013	8.192115655	6.00E+12	0	10	6.00E+12	10	6.00E+12	10	2.78E+00
	129	0	5.28E+11	0.013	6.00E+12	0.013	8.196713585	6.00E+12	0	10	6.00E+12	10	6.00E+12	10	2.79E+00
	130	0	5.26E+11	0.013	6.00E+12	0.013	8.201264052	6.00E+12	0	10	6.00E+12	10	6.00E+12	10	2.80E+00
	131	0	5.24E+11	0.013	6.00E+12	0.013	8.205767907	6.00E+12	0	10	6.00E+12	10	6.00E+12	10	2.81E+00
	132	0	5.22E+11	0.013	6.00E+12	0.013	8.210225978	6.00E+12	0	10	6.00E+12	10	6.00E+12	10	2.81E+00
	133	0	5.20E+11	0.013	6.00E+12	0.013	8.214639074	6.00E+12	0	10	6.00E+12	10	6.00E+12	10	2.82E+00
	134	0	5.18E+11	0.013	6.00E+12	0.013	8.219007983	6.00E+12	0	10	6.00E+12	10	6.00E+12	10	2.83E+00
	135	0	5.16E+11	0.013	6.00E+12	0.013	8.223333474	6.00E+12	0	10	6.00E+12	10	6.00E+12	10	2.83E+00
	136	0	5.14E+11	0.013	6.00E+12	0.013	8.227616295	6.00E+12	0	10	6.00E+12	10	6.00E+12	10	2.84E+00
	137	0	5.13E+11	0.013	6.00E+12	0.013	8.231857179	6.00E+12	0	10	6.00E+12	10	6.00E+12	10	2.85E+00
	138	0	5.11E+11	0.013	6.00E+12	0.013	8.236056839	6.00E+12	0	10	6.00E+12	10	6.00E+12	10	2.86E+00
	139	0	5.09E+11	0.013	6.00E+12	0.013	8.24021597	6.00E+12	0	10	6.00E+12	10	6.00E+12	10	2.86E+00
	140	0	5.07E+11	0.013	6.00E+12	0.013	8.244335252	6.00E+12	0	10	6.00E+12	10	6.00E+12	10	2.87E+00
	141	0	5.05E+11	0.013	6.00E+12	0.013	8.24841535	6.00E+12	0	10	6.00E+12	10	6.00E+12	10	2.88E+00
	142	0	5.04E+11	0.013	6.00E+12	0.013	8.25245691	6.00E+12	0	10	6.00E+12	10	6.00E+12	10	2.88E+00
	143	0	5.02E+11	0.013	6.00E+12	0.013	8.256460564	6.00E+12	0	10	6.00E+12	10	6.00E+12	10	2.89E+00
	144	0	5.00E+11	0.013	6.00E+12	0.013	8.260426932	6.00E+12	0	10	6.00E+12	10	6.00E+12	10	2.90E+00
	145	0	4.98E+11	0.013	6.00E+12	0.013	8.264356616	6.00E+12	0	10	6.00E+12	10	6.00E+12	10	2.90E+00
	146	0	4.97E+11	0.013	6.00E+12	0.013	8.268250205	6.00E+12	0	10	6.00E+12	10	6.00E+12	10	2.91E+00
	147	0	4.95E+11	0.013	6.00E+12	0.013	8.272108277	6.00E+12	0	10	6.00E+12	10	6.00E+12	10	2.92E+00
	148	0	4.93E+11	0.013	6.00E+12	0.013	8.275931394	6.00E+12	0	10	6.00E+12	10	6.00E+12	10	2.92E+00
	149	0	4.92E+11	0.013	6.00E+12	0.013	8.279720107	6.00E+12	0	10	6.00E+12	10	6.00E+12	10	2.93E+00
	150	0	4.90E+11	0.013	6.00E+12	0.013	8.283474954	6.00E+12	0	10	6.00E+12	10	6.00E+12	10	2.94E+00
	151	0	4.88E+11	0.013	6.00E+12	0.013	8.28719646	6.00E+12	0	10	6.00E+12	10	6.00E+12	10	2.94E+00
	152	0	4.87E+11	0.013	6.00E+12	0.013	8.290885142	6.00E+12	0	10	6.00E+12	10	6.00E+12	10	2.95E+00
	153	0	4.85E+11	0.013	6.00E+12	0.013	8.294541502	6.00E+12	0	10	6.00E+12	10	6.00E+12	10	2.96E+00
	154	0	4.83E+11	0.013	6.00E+12	0.013	8.298166032	6.00E+12	0	10	6.00E+12	10	6.00E+12	10	2.96E+00
	155	0	4.82E+11	0.013	6.00E+12	0.013	8.301759215	6.00E+12	0	10	6.00E+12	10	6.00E+12	10	2.97E+00
	156	0	4.80E+11	0.013	6.00E+12	0.013	8.305321521	6.00E+12	0	10	6.00E+12	10	6.00E+12	10	2.98E+00
	157	0	4.79E+11	0.013	6.00E+12	0.013	8.308853412	6.00E+12	0	10	6.00E+12	10	6.00E+12	10	2.98E+00
	158	0	4.77E+11	0.013	6.00E+12	0.013	8.31235534	6.00E+12	0	10	6.00E+12	10	6.00E+12	10	2.99E+00
	159	0	4.76E+11	0.013	6.00E+12	0.013	8.315827746	6.00E+12	0	10	6.00E+12	10	6.00E+12	10	3.00E+00
	160	0	4.74E+11	0.013	6.00E+12	0.013	8.319271064	6.00E+12	0	10	6.00E+12	10	6.00E+12	10	3.00E+00
	161	0	4.73E+11	0.013	6.00E+12	0.013	8.322685717	6.00E+12	0	10	6.00E+12	10	6.00E+12	10	3.01E+00
	162	0	4.71E+11	0.013	6.00E+12	0.013	8.326072121	6.00E+12	0	10	6.00E+12	10	6.00E+12	10	3.02E+00
	163	0	4.70E+11	0.013	6.00E+12	0.013	8.32943068	6.00E+12	0	10	6.00E+12	10	6.00E+12	10	3.02E+00
	164	0	4.69E+11	0.013	6.00E+12	0.013	8.332761795	6.00E+12	0	10	6.00E+12	10	6.00E+12	10	3.03E+00
	165	0	4.67E+11	0.013	6.00E+12	0.013	8.336065855	6.00E+12	0	10	6.00E+12	10	6.00E+12	10	3.03E+00
	166	0	4.66E+11	0.013	6.00E+12	0.013	8.339343242	6.00E+12	0	10	6.00E+12	10	6.00E+12	10	3.04E+00
	167	0	4.64E+11	0.013	6.00E+12	0.013	8.34259433	6.00E+12	0	10	6.00E+12	10	6.00E+12	10	3.05E+00
	168	0	4.63E+11	0.013	6.00E+12	0.013	8.345819488	6.00E+12	0	10	6.00E+12	10	6.00E+12	10	3.05E+00
	169	0	4.62E+11	0.013	6.00E+12	0.013	8.349019074	6.00E+12	0	10	6.00E+12	10	6.00E+12	10	3.06E+00
	170	0	4.60E+11	0.013	6.00E+12	0.013	8.352193441	6.00E+12	0	10	6.00E+12	10	6.00E+12	10	3.07E+00
	171	0	4.59E+11	0.013	6.00E+12	0.013	8.355342935	6.00E+12	0	10	6.00E+12	10	6.00E+12	10	3.07E+00
	172	0	4.57E+11	0.013	6.00E+12	0.013	8.358467896	6.00E+12	0	10	6.00E+12	10	6.00E+12	10	3.08E+00
	173	0	4.56E+11	0.013	6.00E+12	0.013	8.361568655	6.00E+12	0	10	6.00E+12	10	6.00E+12	10	3.08E+00
	174	0	4.55E+11	0.013	6.00E+12	0.013	8.364645539	6.00E+12	0	10	6.00E+12	10	6.00E+12	10	3.09E+00
	175	0	4.54E+11	0.013	6.00E+12	0.013	8.367698867	6.00E+12	0	10	6.00E+12	10	6.00E+12	10	3.10E+00
	176	0	4.52E+11	0.013	6.00E+12	0.013	8.370728954	6.00E+12	0	10	6.00E+12	10	6.00E+12	10	3.10E+00
	177	0	4.51E+11	0.013	6.00E+12	0.013	8.373736108	6.00E+12	0	10	6.00E+12	10	6.00E+12	10	3.11E+00
	178	0	4.50E+11	0.013	6.00E+12	0.013	8.376720629	6.00E+12	0	10	6.00E+12	10	6.00E+12	10	3.11E+00
	179	0	4.48E+11	0.013	6.00E+12	0.013	8.379682816	6.00E+12	0	10	6.00E+12	10	6.00E+12	10	3.12E+00
	180	0	4.47E+11	0.013	6.00E+12	0.013	8.382622958	6.00E+12	0	10	6.00E+12	10	6.00E+12	10	3.13E+00
	181	0	4.46E+11	0.013	6.00E+12	0.013	8.385541341	6.00E+12	0	10	6.00E+12	10	6.00E+12	10	3.13E+00
	182	0	4.45E+11	0.013	6.00E+12	0.013	8.388438245	6.00E+12	0	10	6.00E+12	10	6.00E+12	10	3.14E+00
	183	0	4.44E+11	0.013	6.00E+12	0.013	8.391313946	6.00E+12	0	10	6.00E+12	10	6.00E+12	10	3.14E+00
	184	0	4.42E+11	0.013	6.00E+12	0.013	8.394168714	6.00E+12	0	10	6.00E+12	10	6.00E+12	10	3.15E+00
	185	0	4.41E+11	0.013	6.00E+12	0.013	8.397002813	6.00E+12	0	10	6.00E+12	10	6.00E+12	10	3.16E+00
	186	0	4.40E+11	0.013	6.00E+12	0.013	8.399816504	6.00E+12	0	10	6.00E+12	10	6.00E+12	10	3.16E+00
	187	0	4.39E+11	0.013	6.00E+12	0.013	8.402610044	6.00E+12	0	10	6.00E+12	10	6.00E+12	10	3.17E+00
	188	0	4.38E+11	0.013	6.00E+12	0.013	8.405383683	6.00E+12	0	10	6.00E+12	10	6.00E+12	10	3.17E+00
	189	0	4.36E+11	0.013	6.00E+12	0.013	8.408137668	6.00E+12	0	10	6.00E+12	10	6.00E+12	10	3.18E+00
	190	0	4.35E+11	0.013	6.00E+12	0.013	8.410872241	6.00E+12	0	10	6.00E+12	10	6.00E+12	10	3.18E+00
	191	0	4.34E+11	0.013	6.00E+12	0.013	8.413587641	6.00E+12	0	10	6.00E+12	10	6.00E+12	10	3.19E+00
	192	0	4.33E+11	0.013	6.00E+12	0.013	8.416284102	6.00E+12	0	10	6.00E+12	10	6.00E+12	10	3.20E+00
	193	0	4.32E+11	0.013	6.00E+12	0.013	8.418961853	6.00E+12	0	10	6.00E+12	10	6.00E+12	10	3.20E+00
	194	0	4.31E+11	0.013	6.00E+12	0.013	8.421621121	6.00E+12	0	10	6.00E+12	10	6.00E+12	10	3.21E+00
	195	0	4.30E+11	0.013	6.00E+12	0.013	8.424262128	6.00E+12	0	10	6.00E+12	10	6.00E+12	10	3.21E+00
	196	0	4.29E+11	0.013	6.00E+12	0.013	8.426885092	6.00E+12	0	10	6.00E+12	10	6.00E+12	10	3.22E+00
	197	0	4.27E+11	0.013	6.00E+12	0.013	8.429490227	6.00E+12	0	10	6.00E+12	10	6.00E+12	10	3.22E+00
	198	0	4.26E+11	0.013	6.00E+12	0.013	8.432077745	6.00E+12	0	10	6.00E+12	10	6.00E+12	10	3.23E+00
	199	0	4.25E+11	0.013	6.00E+12	0.013	8.434647854	6.00E+12	0	10	6.00E+12	10	6.00E+12	10	3.23E+00
	200	0	4.24E+11	0.013	6.00E+12	0.013	8.437200756	6.00E+12	0	10	6.00E+12	10	6.00E+12	10	3.24E+00
	201	0	4.23E+11	0.013	6.00E+12	0.013	8.439736654	6.00E+12	0	10	6.00E+12	10	6.00E+12	10	3.25E+00
	202	0	4.22E+11	0.013	6.00E+12	0.013	8.442255743	6.00E+12	0	10	6.00E+12	10	6.00E+12	10	3.25E+00
	203	0	4.21E+11	0.013	6.00E+12	0.013	8.444758218	6.00E+12	0	10	6.00E+12	10	6.00E+12	10	3.26E+00
	204	0	4.20E+11	0.013	6.00E+12	0.013	8.44724427	6.00E+12	0	10	6.00E+12	10	6.00E+12	10	3.26E+00
	205	0	4.19E+11	0.013	6.00E+12	0.013	8.449714086	6.00E+12	0	10	6.00E+12	10	6.00E+12	10	3.27E+00
	206	0	4.18E+11	0.013	6.00E+12	0.013	8.452167851	6.00E+12	0	10	6.00E+12	10	6.00E+12	10	3.27E+00
	207	0	4.17E+11	0.013	6.00E+12	0.013	8.454605747	6.00E+12	0	10	6.00E+12	10	6.00E+12	10	3.28E+00
	208	0	4.16E+11	0.013	6.00E+12	0.013	8.457027953	6.00E+12	0	10	6.00E+12	10	6.00E+12	10	3.28E+00
