!	50	1													
#	Size1	Size2	Fmig	Emig	Femit1	Eemig1	Eb1	Femit2	Eemig2	Eb2	Frotate	Echdir	Ftm	Etm	R
#unit	n/a	n/a	(s-1)	(eV)	(s-1)	(eV)	(eV)	(s-1)	(eV)	(eV)	(s-1)	(eV)	(s-1)	(eV)	a0
	1	0	6.00E+12	1.68	6.00E+12	1.68	10	6.00E+10	0.01	10	6.00E+12	10	6.00E+12	10	0.433
	2	0	6.00E+09	1.44	6.00E+12	1.68	-0.410826822	6.00E+10	0.01	10	6.00E+12	10	6.00E+12	10	0.561
	3	0	6.00E+06	0.83	6.00E+12	1.68	-0.063582912	6.00E+10	0.01	10	6.00E+12	10	6.00E+12	10	0.651
	4	0	6.00E+03	1.53	6.00E+12	1.68	0.837037746	6.00E+10	0.01	10	6.00E+12	10	6.00E+12	10	0.722
	5	0	6.00E+00	1.68	6.00E+12	1.68	0.835654305	6.00E+10	0.01	10	6.00E+12	10	6.00E+12	10	0.783
	6	0	6.00E-03	1.68	6.00E+12	1.68	1.182898214	6.00E+10	0.01	10	6.00E+12	10	6.00E+12	10	0.835
	7	0	6.00E-06	1.68	6.00E+12	1.68	0.837037746	6.00E+10	0.01	10	6.00E+12	10	6.00E+12	10	0.883
	8	0	6.00E-09	1.68	6.00E+12	1.68	1.390414495	6.00E+10	0.01	10	6.00E+12	10	6.00E+12	10	0.925
	9	0	6.00E-12	1.68	6.00E+12	1.68	1.182898214	6.00E+10	0.01	10	6.00E+12	10	6.00E+12	10	0.965
	10	0	6.00E-15	1.68	6.00E+12	1.68	1.182898214	6.00E+10	0.01	10	6.00E+12	10	6.00E+12	10	1
	11	0	6.00E-18	1.68	6.00E+12	1.68	1.737658405	6.00E+10	0.01	10	6.00E+12	10	6.00E+12	10	1.04
	12	0	6.00E-21	1.68	6.00E+12	1.68	1.182898214	6.00E+10	0.01	10	6.00E+12	10	6.00E+12	10	1.07
	13	0	6.00E-24	1.68	6.00E+12	1.68	1.736274963	6.00E+10	0.01	10	6.00E+12	10	6.00E+12	10	1.1
	14	0	6.00E-27	1.68	6.00E+12	1.68	2.429379341	6.00E+10	0.01	10	6.00E+12	10	6.00E+12	10	1.13
	15	0	6.00E-30	1.68	6.00E+12	1.68	2.636895622	6.00E+10	0.01	10	6.00E+12	10	6.00E+12	10	1.15
	16	0	6.00E-33	1.68	6.00E+12	1.68	1.182898214	6.00E+10	0.01	10	6.00E+12	10	6.00E+12	10	1.18
	17	0	6.00E-36	1.68	6.00E+12	1.68	1.184281656	6.00E+10	0.01	10	6.00E+12	10	6.00E+12	10	1.21
	18	0	6.00E-39	1.68	6.00E+12	1.68	1.736274963	6.00E+10	0.01	10	6.00E+12	10	6.00E+12	10	1.23
	19	0	6.00E-42	1.68	6.00E+12	1.68	1.182898214	6.00E+10	0.01	10	6.00E+12	10	6.00E+12	10	1.25
	20	0	6.00E-45	1.68	6.00E+12	1.68	2.083518873	6.00E+10	0.01	10	6.00E+12	10	6.00E+12	10	1.28
	21	0	6.00E-48	1.68	6.00E+12	1.68	2.083518873	6.00E+10	0.01	10	6.00E+12	10	6.00E+12	10	1.3
	22	0	6.00E-51	1.68	6.00E+12	1.68	2.636895622	6.00E+10	0.01	10	6.00E+12	10	6.00E+12	10	1.32
	23	0	6.00E-54	1.68	6.00E+12	1.68	1.182898214	6.00E+10	0.01	10	6.00E+12	10	6.00E+12	10	1.34
	24	0	6.00E-57	1.68	6.00E+12	1.68	2.429379341	6.00E+10	0.01	10	6.00E+12	10	6.00E+12	10	1.36
	25	0	6.00E-60	1.68	6.00E+12	1.68	1.182898214	6.00E+10	0.01	10	6.00E+12	10	6.00E+12	10	1.38
	26	0	6.00E-63	1.68	6.00E+12	1.68	1.737658405	6.00E+10	0.01	10	6.00E+12	10	6.00E+12	10	1.4
	27	0	6.00E-66	1.68	6.00E+12	1.68	2.429379341	6.00E+10	0.01	10	6.00E+12	10	6.00E+12	10	1.42
	28	0	6.00E-69	1.68	6.00E+12	1.68	2.636895622	6.00E+10	0.01	10	6.00E+12	10	6.00E+12	10	1.44
	29	0	6.00E-72	1.68	6.00E+12	1.68	1.182898214	6.00E+10	0.01	10	6.00E+12	10	6.00E+12	10	1.45
	30	0	6.00E-75	1.68	6.00E+12	1.68	2.083518873	6.00E+10	0.01	10	6.00E+12	10	6.00E+12	10	1.47
	31	0	6.00E-78	1.68	6.00E+12	1.68	2.429379341	6.00E+10	0.01	10	6.00E+12	10	6.00E+12	10	1.49
	32	0	6.00E-81	1.68	6.00E+12	1.68	2.636895622	6.00E+10	0.01	10	6.00E+12	10	6.00E+12	10	1.5
	33	0	6.00E-84	1.68	6.00E+12	1.68	1.182898214	6.00E+10	0.01	10	6.00E+12	10	6.00E+12	10	1.52
	34	0	6.00E-87	1.68	6.00E+12	1.68	2.083518873	6.00E+10	0.01	10	6.00E+12	10	6.00E+12	10	1.54
	35	0	6.00E-90	1.68	6.00E+12	1.68	2.429379341	6.00E+10	0.01	10	6.00E+12	10	6.00E+12	10	1.55
	36	0	6.00E-93	1.68	6.00E+12	1.68	2.636895622	6.00E+10	0.01	10	6.00E+12	10	6.00E+12	10	1.57
	37	0	6.00E-96	1.68	6.00E+12	1.68	1.184281656	6.00E+10	0.01	10	6.00E+12	10	6.00E+12	10	1.58
	38	0	6.00E-99	1.68	6.00E+12	1.68	2.22186306	6.00E+10	0.01	10	6.00E+12	10	6.00E+12	10	1.6
	39	0	6.00E-102	1.68	6.00E+12	1.68	2.636895622	6.00E+10	0.01	10	6.00E+12	10	6.00E+12	10	1.61
	40	0	6.00E-105	1.68	6.00E+12	1.68	2.636895622	6.00E+10	0.01	10	6.00E+12	10	6.00E+12	10	1.62
	41	0	6.00E-108	1.68	6.00E+12	1.68	1.182898214	6.00E+10	0.01	10	6.00E+12	10	6.00E+12	10	1.64
	42	0	6.00E-111	1.68	6.00E+12	1.68	2.083518873	6.00E+10	0.01	10	6.00E+12	10	6.00E+12	10	1.65
	43	0	6.00E-114	1.68	6.00E+12	1.68	2.429379341	6.00E+10	0.01	10	6.00E+12	10	6.00E+12	10	1.67
	44	0	6.00E-117	1.68	6.00E+12	1.68	2.636895622	6.00E+10	0.01	10	6.00E+12	10	6.00E+12	10	1.68
	45	0	6.00E-120	1.68	6.00E+12	1.68	2.083518873	6.00E+10	0.01	10	6.00E+12	10	6.00E+12	10	1.69
	46	0	6.00E-123	1.68	6.00E+12	1.68	2.636895622	6.00E+10	0.01	10	6.00E+12	10	6.00E+12	10	1.7
	47	0	6.00E-126	1.68	6.00E+12	1.68	1.182898214	6.00E+10	0.01	10	6.00E+12	10	6.00E+12	10	1.72
	48	0	6.00E-126	1.68	6.00E+12	1.68	2.776623251	6.00E+10	0.01	10	6.00E+12	10	6.00E+12	10	1.73
	49	0	6.00E-132	1.68	6.00E+12	1.68	2.083518873	6.00E+10	0.01	10	6.00E+12	10	6.00E+12	10	1.74
	50	0	6.00E-135	-4	6.00E+12	1.68	2.636895622	6.00E+10	0.01	10	6.00E+12	10	6.00E+12	10	1.75
	51	0	6.00E-138	-4	6.00E+12	1.68	1.182898214	6.00E+10	0.01	10	6.00E+12	10	6.00E+12	10	1.766569068
	52	0	6.00E-141	-4	6.00E+12	1.68	2.429379341	6.00E+10	0.01	10	6.00E+12	10	6.00E+12	10	1.778426081
	53	0	6.00E-144	-4	6.00E+12	1.68	2.430762783	6.00E+10	0.01	10	6.00E+12	10	6.00E+12	10	1.79013204
	54	0	6.00E-147	-4	6.00E+12	1.68	2.636895622	6.00E+10	0.01	10	6.00E+12	10	6.00E+12	10	1.801691664
	55	0	6.00E-150	-4	6.00E+12	1.68	2.429379341	6.00E+10	0.01	10	6.00E+12	10	6.00E+12	10	1.813109443
	56	0	6.00E-153	-4	6.00E+12	1.68	2.636895622	6.00E+10	0.01	10	6.00E+12	10	6.00E+12	10	1.82438965
	57	0	6.00E-156	-4	6.00E+12	1.68	1.182898214	6.00E+10	0.01	10	6.00E+12	10	6.00E+12	10	1.835536356
	58	0	6.00E-159	-4	6.00E+12	1.68	2.430762783	6.00E+10	0.01	10	6.00E+12	10	6.00E+12	10	1.846553442
	59	0	6.00E-162	-4	6.00E+12	1.68	2.429379341	6.00E+10	0.01	10	6.00E+12	10	6.00E+12	10	1.857444611
	60	0	6.00E-165	-4	6.00E+12	1.68	2.914967438	6.00E+10	0.01	10	6.00E+12	10	6.00E+12	10	1.868213401
	61	0	6.00E-168	-4	6.00E+12	1.68	2.636895622	6.00E+10	0.01	10	6.00E+12	10	6.00E+12	10	1.878863193
	62	0	6.00E-171	-4	6.00E+12	1.68	2.636895622	6.00E+10	0.01	10	6.00E+12	10	6.00E+12	10	1.889397221
	63	0	6.00E-174	-4	6.00E+12	1.68	2.636895622	6.00E+10	0.01	10	6.00E+12	10	6.00E+12	10	1.89981858
	64	0	6.00E-177	-4	6.00E+12	1.68	2.638279064	6.00E+10	0.01	10	6.00E+12	10	6.00E+12	10	1.910130235
	65	0	6.00E-180	-4	6.00E+12	1.68	2.636895622	6.00E+10	0.01	10	6.00E+12	10	6.00E+12	10	1.920335028
	66	0	6.00E-183	-4	6.00E+12	1.68	1.182898214	6.00E+10	0.01	10	6.00E+12	10	6.00E+12	10	1.930435687
	67	0	6.00E-186	-4	6.00E+12	1.68	2.22186306	6.00E+10	0.01	10	6.00E+12	10	6.00E+12	10	1.940434827
	68	0	6.00E-189	-4	6.00E+12	1.68	2.636895622	6.00E+10	0.01	10	6.00E+12	10	6.00E+12	10	1.950334962
	69	0	6.00E-192	-4	6.00E+12	1.68	2.636895622	6.00E+10	0.01	10	6.00E+12	10	6.00E+12	10	1.960138506
	70	0	6.00E-195	-4	6.00E+12	1.68	1.182898214	6.00E+10	0.01	10	6.00E+12	10	6.00E+12	10	1.969847782
	71	0	6.00E-198	-4	6.00E+12	1.68	2.223246502	6.00E+10	0.01	10	6.00E+12	10	6.00E+12	10	1.979465024
	72	0	6.00E-201	-4	6.00E+12	1.68	2.636895622	6.00E+10	0.01	10	6.00E+12	10	6.00E+12	10	1.988992381
	73	0	6.00E-204	-4	6.00E+12	1.68	2.636895622	6.00E+10	0.01	10	6.00E+12	10	6.00E+12	10	1.998431925
	74	0	6.00E-207	-4	6.00E+12	1.68	2.429379341	6.00E+10	0.01	10	6.00E+12	10	6.00E+12	10	2.007785652
	75	0	6.00E-210	-4	6.00E+12	1.68	2.636895622	6.00E+10	0.01	10	6.00E+12	10	6.00E+12	10	2.017055487
	76	0	6.00E-213	-4	6.00E+12	1.68	1.184281656	6.00E+10	0.01	10	6.00E+12	10	6.00E+12	10	2.026243285
	77	0	6.00E-216	-4	6.00E+12	1.68	2.429379341	6.00E+10	0.01	10	6.00E+12	10	6.00E+12	10	2.035350838
	78	0	6.00E-219	-4	6.00E+12	1.68	2.707451158	6.00E+10	0.01	10	6.00E+12	10	6.00E+12	10	2.044379874
	79	0	6.00E-222	-4	6.00E+12	1.68	2.636895622	6.00E+10	0.01	10	6.00E+12	10	6.00E+12	10	2.053332066
	80	0	6.00E-225	-4	6.00E+12	1.68	2.638279064	6.00E+10	0.01	10	6.00E+12	10	6.00E+12	10	2.062209027
	81	0	6.00E-228	-4	6.00E+12	1.68	2.636895622	6.00E+10	0.01	10	6.00E+12	10	6.00E+12	10	2.071012318
	82	0	6.00E-231	-4	6.00E+12	1.68	2.636895622	6.00E+10	0.01	10	6.00E+12	10	6.00E+12	10	2.079743449
	83	0	6.00E-234	-4	6.00E+12	1.68	2.636895622	6.00E+10	0.01	10	6.00E+12	10	6.00E+12	10	2.08840388
	84	0	6.00E-237	-4	6.00E+12	1.68	2.636895622	6.00E+10	0.01	10	6.00E+12	10	6.00E+12	10	2.096995027
	85	0	6.00E-240	-4	6.00E+12	1.68	1.182898214	6.00E+10	0.01	10	6.00E+12	10	6.00E+12	10	2.105518257
	86	0	6.00E-243	-4	6.00E+12	1.68	2.36159069	6.00E+10	0.01	10	6.00E+12	10	6.00E+12	10	2.113974898
	87	0	6.00E-246	-4	6.00E+12	1.68	2.636895622	6.00E+10	0.01	10	6.00E+12	10	6.00E+12	10	2.122366234
	88	0	6.00E-249	-4	6.00E+12	1.68	2.984139532	6.00E+10	0.01	10	6.00E+12	10	6.00E+12	10	2.130693514
	89	0	6.00E-252	-4	6.00E+12	1.68	2.636895622	6.00E+10	0.01	10	6.00E+12	10	6.00E+12	10	2.138957944
	90	0	6.00E-255	-4	6.00E+12	1.68	2.636895622	6.00E+10	0.01	10	6.00E+12	10	6.00E+12	10	2.147160698
	91	0	6.00E-258	-4	6.00E+12	1.68	1.182898214	6.00E+10	0.01	10	6.00E+12	10	6.00E+12	10	2.155302914
	92	0	6.00E-261	-4	6.00E+12	1.68	2.22186306	6.00E+10	0.01	10	6.00E+12	10	6.00E+12	10	2.163385697
	93	0	6.00E-264	-4	6.00E+12	1.68	2.638279064	6.00E+10	0.01	10	6.00E+12	10	6.00E+12	10	2.171410118
	94	0	6.00E-267	-4	6.00E+12	1.68	2.636895622	6.00E+10	0.01	10	6.00E+12	10	6.00E+12	10	2.179377221
	95	0	6.00E-270	-4	6.00E+12	1.68	2.914967438	6.00E+10	0.01	10	6.00E+12	10	6.00E+12	10	2.187288019
	96	0	6.00E-273	-4	6.00E+12	1.68	2.636895622	6.00E+10	0.01	10	6.00E+12	10	6.00E+12	10	2.195143495
	97	0	6.00E-276	-4	6.00E+12	1.68	2.636895622	6.00E+10	0.01	10	6.00E+12	10	6.00E+12	10	2.202944606
	98	0	6.00E-279	-4	6.00E+12	1.68	2.636895622	6.00E+10	0.01	10	6.00E+12	10	6.00E+12	10	2.210692285
	99	0	6.00E-282	-4	6.00E+12	1.68	2.636895622	6.00E+10	0.01	10	6.00E+12	10	6.00E+12	10	2.218387435
	100	0	6.00E-285	-4	6.00E+12	1.68	1.182898214	6.00E+10	0.01	10	6.00E+12	10	6.00E+12	10	2.22603094
	101	0	6.00E-288	-4	6.00E+12	1.68	2.223246502	6.00E+10	0.01	10	6.00E+12	10	6.00E+12	10	2.233623656
	102	0	6.00E-291	-4	6.00E+12	1.68	2.914967438	6.00E+10	0.01	10	6.00E+12	10	6.00E+12	10	2.241166419
	103	0	6.00E-294	-4	6.00E+12	1.68	2.636895622	6.00E+10	0.01	10	6.00E+12	10	6.00E+12	10	2.248660042
	104	0	6.00E-297	-4	6.00E+12	1.68	2.984139532	6.00E+10	0.01	10	6.00E+12	10	6.00E+12	10	2.256105319
	105	0	6.00E-300	-4	6.00E+12	1.68	2.636895622	6.00E+10	0.01	10	6.00E+12	10	6.00E+12	10	2.263503022
	106	0	6.00E-303	-4	6.00E+12	1.68	2.636895622	6.00E+10	0.01	10	6.00E+12	10	6.00E+12	10	2.270853903
	107	0	6.00E-306	-4	6.00E+12	1.68	2.636895622	6.00E+10	0.01	10	6.00E+12	10	6.00E+12	10	2.278158696
	108	0	0	-4	6.00E+12	1.68	2.636895622	6.00E+10	0.01	10	6.00E+12	10	6.00E+12	10	2.285418116
	109	0	0	-4	6.00E+12	1.68	1.182898214	6.00E+10	0.01	10	6.00E+12	10	6.00E+12	10	2.292632863
	110	0	0	-4	6.00E+12	1.68	2.223246502	6.00E+10	0.01	10	6.00E+12	10	6.00E+12	10	2.299803617
	111	0	0	-4	6.00E+12	1.68	2.914967438	6.00E+10	0.01	10	6.00E+12	10	6.00E+12	10	2.306931042
	112	0	0	-4	6.00E+12	1.68	2.636895622	6.00E+10	0.01	10	6.00E+12	10	6.00E+12	10	2.314015788
	113	0	0	-4	6.00E+12	1.68	2.984139532	6.00E+10	0.01	10	6.00E+12	10	6.00E+12	10	2.321058486
	114	0	0	-4	6.00E+12	1.68	2.636895622	6.00E+10	0.01	10	6.00E+12	10	6.00E+12	10	2.328059757
	115	0	0	-4	6.00E+12	1.68	2.636895622	6.00E+10	0.01	10	6.00E+12	10	6.00E+12	10	2.335020203
	116	0	0	-4	6.00E+12	1.68	2.636895622	6.00E+10	0.01	10	6.00E+12	10	6.00E+12	10	2.341940415
	117	0	0	-4	6.00E+12	1.68	2.636895622	6.00E+10	0.01	10	6.00E+12	10	6.00E+12	10	2.348820969
	118	0	0	-4	6.00E+12	1.68	1.182898215	6.00E+10	0.01	10	6.00E+12	10	6.00E+12	10	2.355662429
	119	0	0	-4	6.00E+12	1.68	2.223246502	6.00E+10	0.01	10	6.00E+12	10	6.00E+12	10	2.362465344
	120	0	0	-4	6.00E+12	1.68	2.914967438	6.00E+10	0.01	10	6.00E+12	10	6.00E+12	10	2.369230254
	121	0	0	-4	6.00E+12	1.68	2.636895622	6.00E+10	0.01	10	6.00E+12	10	6.00E+12	10	2.375957685
	122	0	0	-4	6.00E+12	1.68	2.984139532	6.00E+10	0.01	10	6.00E+12	10	6.00E+12	10	2.382648151
	123	0	0	-4	6.00E+12	1.68	2.636895622	6.00E+10	0.01	10	6.00E+12	10	6.00E+12	10	2.389302156
	124	0	0	-4	6.00E+12	1.68	2.98275609	6.00E+10	0.01	10	6.00E+12	10	6.00E+12	10	2.395920194
	125	0	0	-4	6.00E+12	1.68	2.636895622	6.00E+10	0.01	10	6.00E+12	10	6.00E+12	10	2.402502746
	126	0	0	-4	6.00E+12	1.68	2.638279064	6.00E+10	0.01	10	6.00E+12	10	6.00E+12	10	2.409050283
	127	0	0	-4	6.00E+12	1.68	1.182898214	6.00E+10	0.01	10	6.00E+12	10	6.00E+12	10	2.415563269
	128	0	0	-4	6.00E+12	1.68	2.22186306	6.00E+10	0.01	10	6.00E+12	10	6.00E+12	10	2.422042155
	129	0	0	-4	6.00E+12	1.68	2.636895622	6.00E+10	0.01	10	6.00E+12	10	6.00E+12	10	2.428487383
	130	0	0	-4	6.00E+12	1.68	2.91635088	6.00E+10	0.01	10	6.00E+12	10	6.00E+12	10	2.434899389
	131	0	0	-4	6.00E+12	1.68	2.636895622	6.00E+10	0.01	10	6.00E+12	10	6.00E+12	10	2.441278596
	132	0	0	-4	6.00E+12	1.68	3.122483719	6.00E+10	0.01	10	6.00E+12	10	6.00E+12	10	2.447625422
	133	0	0	-4	6.00E+12	1.68	2.636895622	6.00E+10	0.01	10	6.00E+12	10	6.00E+12	10	2.453940273
	134	0	0	-4	6.00E+12	1.68	2.636895622	6.00E+10	0.01	10	6.00E+12	10	6.00E+12	10	2.460223549
	135	0	0	-4	6.00E+12	1.68	2.636895622	6.00E+10	0.01	10	6.00E+12	10	6.00E+12	10	2.466475642
	136	0	0	-4	6.00E+12	1.68	2.636895622	6.00E+10	0.01	10	6.00E+12	10	6.00E+12	10	2.472696937
	137	0	0	-4	6.00E+12	1.68	2.636895622	6.00E+10	0.01	10	6.00E+12	10	6.00E+12	10	2.47888781
	138	0	0	-4	6.00E+12	1.68	2.636895622	6.00E+10	0.01	10	6.00E+12	10	6.00E+12	10	2.485048629
	139	0	0	-4	6.00E+12	1.68	1.182898214	6.00E+10	0.01	10	6.00E+12	10	6.00E+12	10	2.491179757
	140	0	0	-4	6.00E+12	1.68	2.501318319	6.00E+10	0.01	10	6.00E+12	10	6.00E+12	10	2.49728155
	141	0	0	-4	6.00E+12	1.68	2.984139532	6.00E+10	0.01	10	6.00E+12	10	6.00E+12	10	2.503354355
	142	0	0	-4	6.00E+12	1.68	2.636895622	6.00E+10	0.01	10	6.00E+12	10	6.00E+12	10	2.509398515
	143	0	0	-4	6.00E+12	1.68	2.98275609	6.00E+10	0.01	10	6.00E+12	10	6.00E+12	10	2.515414364
	144	0	0	-4	6.00E+12	1.68	2.636895622	6.00E+10	0.01	10	6.00E+12	10	6.00E+12	10	2.521402232
	145	0	0	-4	6.00E+12	1.68	2.638279064	6.00E+10	0.01	10	6.00E+12	10	6.00E+12	10	2.527362443
	146	0	0	-4	6.00E+12	1.68	2.636895622	6.00E+10	0.01	10	6.00E+12	10	6.00E+12	10	2.533295313
	147	0	0	-4	6.00E+12	1.68	2.636895622	6.00E+10	0.01	10	6.00E+12	10	6.00E+12	10	2.539201154
	148	0	0	-4	6.00E+12	1.68	1.182898214	6.00E+10	0.01	10	6.00E+12	10	6.00E+12	10	2.545080271
	149	0	0	-4	6.00E+12	1.68	2.501318319	6.00E+10	0.01	10	6.00E+12	10	6.00E+12	10	2.550932965
	150	0	0	-4	6.00E+12	1.68	2.636895622	6.00E+10	0.01	10	6.00E+12	10	6.00E+12	10	2.556759531
	151	0	0	-4	6.00E+12	1.68	3.122483719	6.00E+10	0.01	10	6.00E+12	10	6.00E+12	10	2.562560258
	152	0	0	-4	6.00E+12	1.68	2.636895622	6.00E+10	0.01	10	6.00E+12	10	6.00E+12	10	2.568335431
	153	0	0	-4	6.00E+12	1.68	2.98275609	6.00E+10	0.01	10	6.00E+12	10	6.00E+12	10	2.574085329
	154	0	0	-4	6.00E+12	1.68	2.638279064	6.00E+10	0.01	10	6.00E+12	10	6.00E+12	10	2.579810228
	155	0	0	-4	6.00E+12	1.68	2.98275609	6.00E+10	0.01	10	6.00E+12	10	6.00E+12	10	2.585510397
	156	0	0	-4	6.00E+12	1.68	2.636895622	6.00E+10	0.01	10	6.00E+12	10	6.00E+12	10	2.591186102
	157	0	0	-4	6.00E+12	1.68	2.636895622	6.00E+10	0.01	10	6.00E+12	10	6.00E+12	10	2.596837603
	158	0	0	-4	6.00E+12	1.68	2.636895622	6.00E+10	0.01	10	6.00E+12	10	6.00E+12	10	2.602465156
	159	0	0	-4	6.00E+12	1.68	2.636895622	6.00E+10	0.01	10	6.00E+12	10	6.00E+12	10	2.608069015
	160	0	0	-4	6.00E+12	1.68	1.182898214	6.00E+10	0.01	10	6.00E+12	10	6.00E+12	10	2.613649426
	161	0	0	-4	6.00E+12	1.68	2.501318319	6.00E+10	0.01	10	6.00E+12	10	6.00E+12	10	2.619206634
	162	0	0	-4	6.00E+12	1.68	2.844411903	6.00E+10	0.01	10	6.00E+12	10	6.00E+12	10	2.624740878
	163	0	0	-4	6.00E+12	1.68	2.91635088	6.00E+10	0.01	10	6.00E+12	10	6.00E+12	10	2.630252394
	164	0	0	-4	6.00E+12	1.68	2.843028461	6.00E+10	0.01	10	6.00E+12	10	6.00E+12	10	2.635741413
	165	0	0	-4	6.00E+12	1.68	2.91635088	6.00E+10	0.01	10	6.00E+12	10	6.00E+12	10	2.641208165
	166	0	0	-4	6.00E+12	1.68	2.844411903	6.00E+10	0.01	10	6.00E+12	10	6.00E+12	10	2.646652873
	167	0	0	-4	6.00E+12	1.68	2.775239809	6.00E+10	0.01	10	6.00E+12	10	6.00E+12	10	2.652075759
	168	0	0	-4	6.00E+12	1.68	2.984139532	6.00E+10	0.01	10	6.00E+12	10	6.00E+12	10	2.657477039
	169	0	0	-4	6.00E+12	1.68	3.33	6.00E+10	0.01	10	6.00E+12	10	6.00E+12	10	2.662856928
	170	0	0	-4	6.00E+12	1.68	2.636895622	6.00E+10	0.01	10	6.00E+12	10	6.00E+12	10	2.668215636
	171	0	0	-4	6.00E+12	1.68	2.636895622	6.00E+10	0.01	10	6.00E+12	10	6.00E+12	10	2.673553371
	172	0	0	-4	6.00E+12	1.68	2.636895622	6.00E+10	0.01	10	6.00E+12	10	6.00E+12	10	2.678870336
	173	0	0	-4	6.00E+12	1.68	2.636895622	6.00E+10	0.01	10	6.00E+12	10	6.00E+12	10	2.684166733
	174	0	0	-4	6.00E+12	1.68	2.636895622	6.00E+10	0.01	10	6.00E+12	10	6.00E+12	10	2.689442758
	175	0	0	-4	6.00E+12	1.68	2.636895622	6.00E+10	0.01	10	6.00E+12	10	6.00E+12	10	2.694698608
	176	0	0	-4	6.00E+12	1.68	1.184281656	6.00E+10	0.01	10	6.00E+12	10	6.00E+12	10	2.699934473
	177	0	0	-4	6.00E+12	1.68	2.499934877	6.00E+10	0.01	10	6.00E+12	10	6.00E+12	10	2.705150542
	178	0	0	-4	6.00E+12	1.68	2.984139532	6.00E+10	0.01	10	6.00E+12	10	6.00E+12	10	2.710347003
	179	0	0	-4	6.00E+12	1.68	2.636895622	6.00E+10	0.01	10	6.00E+12	10	6.00E+12	10	2.715524037
	180	0	0	-4	6.00E+12	1.68	2.984139532	6.00E+10	0.01	10	6.00E+12	10	6.00E+12	10	2.720681825
	181	0	0	-4	6.00E+12	1.68	2.636895622	6.00E+10	0.01	10	6.00E+12	10	6.00E+12	10	2.725820546
	182	0	0	-4	6.00E+12	1.68	2.636895622	6.00E+10	0.01	10	6.00E+12	10	6.00E+12	10	2.730940375
	183	0	0	-4	6.00E+12	1.68	2.636895622	6.00E+10	0.01	10	6.00E+12	10	6.00E+12	10	2.736041483
	184	0	0	-4	6.00E+12	1.68	2.636895622	6.00E+10	0.01	10	6.00E+12	10	6.00E+12	10	2.741124042
	185	0	0	-4	6.00E+12	1.68	1.182898214	6.00E+10	0.01	10	6.00E+12	10	6.00E+12	10	2.746188219
	186	0	0	-4	6.00E+12	1.68	2.501318319	6.00E+10	0.01	10	6.00E+12	10	6.00E+12	10	2.75123418
	187	0	0	-4	6.00E+12	1.68	2.636895622	6.00E+10	0.01	10	6.00E+12	10	6.00E+12	10	2.756262087
	188	0	0	-4	6.00E+12	1.68	3.122483719	6.00E+10	0.01	10	6.00E+12	10	6.00E+12	10	2.761272101
	189	0	0	-4	6.00E+12	1.68	2.636895622	6.00E+10	0.01	10	6.00E+12	10	6.00E+12	10	2.76626438
	190	0	0	-4	6.00E+12	1.68	2.984139532	6.00E+10	0.01	10	6.00E+12	10	6.00E+12	10	2.771239081
	191	0	0	-4	6.00E+12	1.68	2.636895622	6.00E+10	0.01	10	6.00E+12	10	6.00E+12	10	2.776196357
	192	0	0	-4	6.00E+12	1.68	2.98275609	6.00E+10	0.01	10	6.00E+12	10	6.00E+12	10	2.78113636
	193	0	0	-4	6.00E+12	1.68	2.636895622	6.00E+10	0.01	10	6.00E+12	10	6.00E+12	10	2.78605924
	194	0	0	-4	6.00E+12	1.68	2.636895622	6.00E+10	0.01	10	6.00E+12	10	6.00E+12	10	2.790965145
	195	0	0	-4	6.00E+12	1.68	2.636895622	6.00E+10	0.01	10	6.00E+12	10	6.00E+12	10	2.79585422
	196	0	0	-4	6.00E+12	1.68	2.638279064	6.00E+10	0.01	10	6.00E+12	10	6.00E+12	10	2.800726608
	197	0	0	-4	6.00E+12	1.68	1.182898214	6.00E+10	0.01	10	6.00E+12	10	6.00E+12	10	2.805582452
	198	0	0	-4	6.00E+12	1.68	2.639662506	6.00E+10	0.01	10	6.00E+12	10	6.00E+12	10	2.81042189
	199	0	0	-4	6.00E+12	1.68	2.704684274	6.00E+10	0.01	10	6.00E+12	10	6.00E+12	10	2.815245062
	200	0	0	-4	6.00E+12	1.68	2.91635088	6.00E+10	0.01	10	6.00E+12	10	6.00E+12	10	2.820052102
	201	0	0	-4	6.00E+12	1.68	2.844411903	6.00E+10	0.01	10	6.00E+12	10	6.00E+12	10	2.824843146
	202	0	0	-4	6.00E+12	1.68	2.914967438	6.00E+10	0.01	10	6.00E+12	10	6.00E+12	10	2.829618325
	203	0	0	-4	6.00E+12	1.68	2.844411903	6.00E+10	0.01	10	6.00E+12	10	6.00E+12	10	2.834377771
	204	0	0	-4	6.00E+12	1.68	2.776623251	6.00E+10	0.01	10	6.00E+12	10	6.00E+12	10	2.839121611
	205	0	0	-4	6.00E+12	1.68	2.98275609	6.00E+10	0.01	10	6.00E+12	10	6.00E+12	10	2.843849974
	206	0	0	-4	6.00E+12	1.68	3.33	6.00E+10	0.01	10	6.00E+12	10	6.00E+12	10	2.848562985
	207	0	0	-4	6.00E+12	1.68	2.636895622	6.00E+10	0.01	10	6.00E+12	10	6.00E+12	10	2.853260769
	208	0	0	-4	6.00E+12	1.68	2.636895622	6.00E+10	0.01	10	6.00E+12	10	6.00E+12	10	2.857943447
	209	0	0	-4	6.00E+12	1.68	2.636895622	6.00E+10	0.01	10	6.00E+12	10	6.00E+12	10	2.86261114
	210	0	0	-4	6.00E+12	1.68	2.636895622	6.00E+10	0.01	10	6.00E+12	10	6.00E+12	10	2.867263968
	211	0	0	-4	6.00E+12	1.68	2.638279064	6.00E+10	0.01	10	6.00E+12	10	6.00E+12	10	2.871902048
	212	0	0	-4	6.00E+12	1.68	2.636895622	6.00E+10	0.01	10	6.00E+12	10	6.00E+12	10	2.876525497
	213	0	0	-4	6.00E+12	1.68	1.182898214	6.00E+10	0.01	10	6.00E+12	10	6.00E+12	10	2.88113443
	214	0	0	-4	6.00E+12	1.68	2.986906416	6.00E+10	0.01	10	6.00E+12	10	6.00E+12	10	2.885728959
	215	0	0	-4	6.00E+12	1.68	2.636895622	6.00E+10	0.01	10	6.00E+12	10	6.00E+12	10	2.890309198
	216	0	0	-4	6.00E+12	1.68	2.98275609	6.00E+10	0.01	10	6.00E+12	10	6.00E+12	10	2.894875256
	217	0	0	-4	6.00E+12	1.68	2.636895622	6.00E+10	0.01	10	6.00E+12	10	6.00E+12	10	2.899427244
	218	0	0	-4	6.00E+12	1.68	2.984139532	6.00E+10	0.01	10	6.00E+12	10	6.00E+12	10	2.903965268
	219	0	0	-4	6.00E+12	1.68	2.636895622	6.00E+10	0.01	10	6.00E+12	10	6.00E+12	10	2.908489435
	220	0	0	-4	6.00E+12	1.68	2.984139532	6.00E+10	0.01	10	6.00E+12	10	6.00E+12	10	2.912999851
	221	0	0	-4	6.00E+12	1.68	2.636895622	6.00E+10	0.01	10	6.00E+12	10	6.00E+12	10	2.91749662
	222	0	0	-4	6.00E+12	1.68	2.98275609	6.00E+10	0.01	10	6.00E+12	10	6.00E+12	10	2.921979845
	223	0	0	-4	6.00E+12	1.68	2.636895622	6.00E+10	0.01	10	6.00E+12	10	6.00E+12	10	2.926449626
	224	0	0	-4	6.00E+12	1.68	2.636895622	6.00E+10	0.01	10	6.00E+12	10	6.00E+12	10	2.930906064
	225	0	0	-4	6.00E+12	1.68	1.182898214	6.00E+10	0.01	10	6.00E+12	10	6.00E+12	10	2.935349259
	226	0	0	-4	6.00E+12	1.68	2.293802038	6.00E+10	0.01	10	6.00E+12	10	6.00E+12	10	2.939779309
	227	0	0	-4	6.00E+12	1.68	2.844411903	6.00E+10	0.01	10	6.00E+12	10	6.00E+12	10	2.94419631
	228	0	0	-4	6.00E+12	1.68	2.91635088	6.00E+10	0.01	10	6.00E+12	10	6.00E+12	10	2.948600357
	229	0	0	-4	6.00E+12	1.68	2.844411903	6.00E+10	0.01	10	6.00E+12	10	6.00E+12	10	2.952991546
	230	0	0	-4	6.00E+12	1.68	2.775239809	6.00E+10	0.01	10	6.00E+12	10	6.00E+12	10	2.95736997
	231	0	0	-4	6.00E+12	1.68	2.984139532	6.00E+10	0.01	10	6.00E+12	10	6.00E+12	10	2.961735721
	232	0	0	-4	6.00E+12	1.68	3.33	6.00E+10	0.01	10	6.00E+12	10	6.00E+12	10	2.966088891
	233	0	0	-4	6.00E+12	1.68	2.636895622	6.00E+10	0.01	10	6.00E+12	10	6.00E+12	10	2.970429569
	234	0	0	-4	6.00E+12	1.68	2.98275609	6.00E+10	0.01	10	6.00E+12	10	6.00E+12	10	2.974757845
	235	0	0	-4	6.00E+12	1.68	2.638279064	6.00E+10	0.01	10	6.00E+12	10	6.00E+12	10	2.979073808
	236	0	0	-4	6.00E+12	1.68	2.98275609	6.00E+10	0.01	10	6.00E+12	10	6.00E+12	10	2.983377544
	237	0	0	-4	6.00E+12	1.68	2.636895622	6.00E+10	0.01	10	6.00E+12	10	6.00E+12	10	2.98766914
	238	0	0	-4	6.00E+12	1.68	2.636895622	6.00E+10	0.01	10	6.00E+12	10	6.00E+12	10	2.991948681
	239	0	0	-4	6.00E+12	1.68	2.636895622	6.00E+10	0.01	10	6.00E+12	10	6.00E+12	10	2.99621625
	240	0	0	-4	6.00E+12	1.68	2.636895622	6.00E+10	0.01	10	6.00E+12	10	6.00E+12	10	3.000471933
	241	0	0	-4	6.00E+12	1.68	1.182898214	6.00E+10	0.01	10	6.00E+12	10	6.00E+12	10	3.00471581
	242	0	0	-4	6.00E+12	1.68	2.641045948	6.00E+10	0.01	10	6.00E+12	10	6.00E+12	10	3.008947964
	243	0	0	-4	6.00E+12	1.68	2.844411903	6.00E+10	0.01	10	6.00E+12	10	6.00E+12	10	3.013168476
	244	0	0	-4	6.00E+12	1.68	2.914967438	6.00E+10	0.01	10	6.00E+12	10	6.00E+12	10	3.017377424
	245	0	0	-4	6.00E+12	1.68	2.844411903	6.00E+10	0.01	10	6.00E+12	10	6.00E+12	10	3.021574888
	246	0	0	-4	6.00E+12	1.68	2.776623251	6.00E+10	0.01	10	6.00E+12	10	6.00E+12	10	3.025760945
	247	0	0	-4	6.00E+12	1.68	2.98275609	6.00E+10	0.01	10	6.00E+12	10	6.00E+12	10	3.029935674
	248	0	0	-4	6.00E+12	1.68	3.33	6.00E+10	0.01	10	6.00E+12	10	6.00E+12	10	3.03409915
	249	0	0	-4	6.00E+12	1.68	2.636895622	6.00E+10	0.01	10	6.00E+12	10	6.00E+12	10	3.038251449
	250	0	0	-4	6.00E+12	1.68	2.984139532	6.00E+10	0.01	10	6.00E+12	10	6.00E+12	10	3.042392645
	251	0	0	-4	6.00E+12	1.68	2.636895622	6.00E+10	0.01	10	6.00E+12	10	6.00E+12	10	3.046522813
	252	0	0	-4	6.00E+12	1.68	2.984139532	6.00E+10	0.01	10	6.00E+12	10	6.00E+12	10	3.050642026
	253	0	0	-4	6.00E+12	1.68	2.636895622	6.00E+10	0.01	10	6.00E+12	10	6.00E+12	10	3.054750355
	254	0	0	-4	6.00E+12	1.68	2.636895622	6.00E+10	0.01	10	6.00E+12	10	6.00E+12	10	3.058847874
	255	0	0	-4	6.00E+12	1.68	2.636895622	6.00E+10	0.01	10	6.00E+12	10	6.00E+12	10	3.062934651
	256	0	0	-4	6.00E+12	1.68	2.636895622	6.00E+10	0.01	10	6.00E+12	10	6.00E+12	10	3.067010758
	257	0	0	-4	6.00E+12	1.68	1.182898214	6.00E+10	0.01	10	6.00E+12	10	6.00E+12	10	3.071076264
	258	0	0	-4	6.00E+12	1.68	2.639662506	6.00E+10	0.01	10	6.00E+12	10	6.00E+12	10	3.075131238
	259	0	0	-4	6.00E+12	1.68	2.844411903	6.00E+10	0.01	10	6.00E+12	10	6.00E+12	10	3.079175747
	260	0	0	-4	6.00E+12	1.68	2.91635088	6.00E+10	0.01	10	6.00E+12	10	6.00E+12	10	3.083209859
	261	0	0	-4	6.00E+12	1.68	2.844411903	6.00E+10	0.01	10	6.00E+12	10	6.00E+12	10	3.08723364
	262	0	0	-4	6.00E+12	1.68	2.775239809	6.00E+10	0.01	10	6.00E+12	10	6.00E+12	10	3.091247156
	263	0	0	-4	6.00E+12	1.68	2.984139532	6.00E+10	0.01	10	6.00E+12	10	6.00E+12	10	3.095250473
	264	0	0	-4	6.00E+12	1.68	3.33	6.00E+10	0.01	10	6.00E+12	10	6.00E+12	10	3.099243655
	265	0	0	-4	6.00E+12	1.68	2.636895622	6.00E+10	0.01	10	6.00E+12	10	6.00E+12	10	3.103226766
	266	0	0	-4	6.00E+12	1.68	2.984139532	6.00E+10	0.01	10	6.00E+12	10	6.00E+12	10	3.107199868
	267	0	0	-4	6.00E+12	1.68	2.636895622	6.00E+10	0.01	10	6.00E+12	10	6.00E+12	10	3.111163026
	268	0	0	-4	6.00E+12	1.68	2.98275609	6.00E+10	0.01	10	6.00E+12	10	6.00E+12	10	3.115116301
	269	0	0	-4	6.00E+12	1.68	2.636895622	6.00E+10	0.01	10	6.00E+12	10	6.00E+12	10	3.119059753
	270	0	0	-4	6.00E+12	1.68	2.636895622	6.00E+10	0.01	10	6.00E+12	10	6.00E+12	10	3.122993445
	271	0	0	-4	6.00E+12	1.68	2.636895622	6.00E+10	0.01	10	6.00E+12	10	6.00E+12	10	3.126917436
	272	0	0	-4	6.00E+12	1.68	2.636895622	6.00E+10	0.01	10	6.00E+12	10	6.00E+12	10	3.130831785
	273	0	0	-4	6.00E+12	1.68	1.184281656	6.00E+10	0.01	10	6.00E+12	10	6.00E+12	10	3.134736552
	274	0	0	-4	6.00E+12	1.68	2.779390135	6.00E+10	0.01	10	6.00E+12	10	6.00E+12	10	3.138631795
	275	0	0	-4	6.00E+12	1.68	2.844411903	6.00E+10	0.01	10	6.00E+12	10	6.00E+12	10	3.142517573
	276	0	0	-4	6.00E+12	1.68	2.775239809	6.00E+10	0.01	10	6.00E+12	10	6.00E+12	10	3.146393941
	277	0	0	-4	6.00E+12	1.68	2.984139532	6.00E+10	0.01	10	6.00E+12	10	6.00E+12	10	3.150260958
	278	0	0	-4	6.00E+12	1.68	3.33	6.00E+10	0.01	10	6.00E+12	10	6.00E+12	10	3.154118679
	279	0	0	-4	6.00E+12	1.68	2.636895622	6.00E+10	0.01	10	6.00E+12	10	6.00E+12	10	3.15796716
	280	0	0	-4	6.00E+12	1.68	2.98275609	6.00E+10	0.01	10	6.00E+12	10	6.00E+12	10	3.161806456
	281	0	0	-4	6.00E+12	1.68	2.638279064	6.00E+10	0.01	10	6.00E+12	10	6.00E+12	10	3.165636622
	282	0	0	-4	6.00E+12	1.68	2.98275609	6.00E+10	0.01	10	6.00E+12	10	6.00E+12	10	3.169457711
	283	0	0	-4	6.00E+12	1.68	2.636895622	6.00E+10	0.01	10	6.00E+12	10	6.00E+12	10	3.173269778
	284	0	0	-4	6.00E+12	1.68	2.984139532	6.00E+10	0.01	10	6.00E+12	10	6.00E+12	10	3.177072875
	285	0	0	-4	6.00E+12	1.68	2.636895622	6.00E+10	0.01	10	6.00E+12	10	6.00E+12	10	3.180867055
	286	0	0	-4	6.00E+12	1.68	2.98275609	6.00E+10	0.01	10	6.00E+12	10	6.00E+12	10	3.18465237
	287	0	0	-4	6.00E+12	1.68	2.636895622	6.00E+10	0.01	10	6.00E+12	10	6.00E+12	10	3.188428872
	288	0	0	-4	6.00E+12	1.68	2.636895622	6.00E+10	0.01	10	6.00E+12	10	6.00E+12	10	3.192196612
	289	0	0	-4	6.00E+12	1.68	1.184281656	6.00E+10	0.01	10	6.00E+12	10	6.00E+12	10	3.19595564
	290	0	0	-4	6.00E+12	1.68	2.432146225	6.00E+10	0.01	10	6.00E+12	10	6.00E+12	10	3.199706007
	291	0	0	-4	6.00E+12	1.68	2.844411903	6.00E+10	0.01	10	6.00E+12	10	6.00E+12	10	3.203447762
	292	0	0	-4	6.00E+12	1.68	2.776623251	6.00E+10	0.01	10	6.00E+12	10	6.00E+12	10	3.207180954
	293	0	0	-4	6.00E+12	1.68	2.98275609	6.00E+10	0.01	10	6.00E+12	10	6.00E+12	10	3.210905634
	294	0	0	-4	6.00E+12	1.68	3.33	6.00E+10	0.01	10	6.00E+12	10	6.00E+12	10	3.214621847
	295	0	0	-4	6.00E+12	1.68	2.636895622	6.00E+10	0.01	10	6.00E+12	10	6.00E+12	10	3.218329644
	296	0	0	-4	6.00E+12	1.68	2.984139532	6.00E+10	0.01	10	6.00E+12	10	6.00E+12	10	3.222029071
	297	0	0	-4	6.00E+12	1.68	2.636895622	6.00E+10	0.01	10	6.00E+12	10	6.00E+12	10	3.225720175
	298	0	0	-4	6.00E+12	1.68	3.122483719	6.00E+10	0.01	10	6.00E+12	10	6.00E+12	10	3.229403003
	299	0	0	-4	6.00E+12	1.68	2.844411903	6.00E+10	0.01	10	6.00E+12	10	6.00E+12	10	3.233077602
	300	0	0	-4	6.00E+12	1.68	2.776623251	6.00E+10	0.01	10	6.00E+12	10	6.00E+12	10	3.236744016
	301	0	0	-4	6.00E+12	1.68	2.98275609	6.00E+10	0.01	10	6.00E+12	10	6.00E+12	10	3.240402292
	302	0	0	-4	6.00E+12	1.68	3.33	6.00E+10	0.01	10	6.00E+12	10	6.00E+12	10	3.244052474
	303	0	0	-4	6.00E+12	1.68	2.638279064	6.00E+10	0.01	10	6.00E+12	10	6.00E+12	10	3.247694608
	304	0	0	-4	6.00E+12	1.68	2.636895622	6.00E+10	0.01	10	6.00E+12	10	6.00E+12	10	3.251328736
	305	0	0	-4	6.00E+12	1.68	2.636895622	6.00E+10	0.01	10	6.00E+12	10	6.00E+12	10	3.254954904
	306	0	0	-4	6.00E+12	1.68	2.636895622	6.00E+10	0.01	10	6.00E+12	10	6.00E+12	10	3.258573155
	307	0	0	-4	6.00E+12	1.68	2.636895622	6.00E+10	0.01	10	6.00E+12	10	6.00E+12	10	3.262183531
	308	0	0	-4	6.00E+12	1.68	2.636895622	6.00E+10	0.01	10	6.00E+12	10	6.00E+12	10	3.265786075
	309	0	0	-4	6.00E+12	1.68	1.185665098	6.00E+10	0.01	10	6.00E+12	10	6.00E+12	10	3.26938083
	310	0	0	-4	6.00E+12	1.68	2.984139532	6.00E+10	0.01	10	6.00E+12	10	6.00E+12	10	3.272967838
	311	0	0	-4	6.00E+12	1.68	2.844411903	6.00E+10	0.01	10	6.00E+12	10	6.00E+12	10	3.27654714
	312	0	0	-4	6.00E+12	1.68	2.914967438	6.00E+10	0.01	10	6.00E+12	10	6.00E+12	10	3.280118777
	313	0	0	-4	6.00E+12	1.68	2.844411903	6.00E+10	0.01	10	6.00E+12	10	6.00E+12	10	3.283682791
	314	0	0	-4	6.00E+12	1.68	2.776623251	6.00E+10	0.01	10	6.00E+12	10	6.00E+12	10	3.287239222
	315	0	0	-4	6.00E+12	1.68	2.98275609	6.00E+10	0.01	10	6.00E+12	10	6.00E+12	10	3.290788111
	316	0	0	-4	6.00E+12	1.68	3.33	6.00E+10	0.01	10	6.00E+12	10	6.00E+12	10	3.294329496
	317	0	0	-4	6.00E+12	1.68	2.636895622	6.00E+10	0.01	10	6.00E+12	10	6.00E+12	10	3.297863418
	318	0	0	-4	6.00E+12	1.68	2.984139532	6.00E+10	0.01	10	6.00E+12	10	6.00E+12	10	3.301389915
	319	0	0	-4	6.00E+12	1.68	2.636895622	6.00E+10	0.01	10	6.00E+12	10	6.00E+12	10	3.304909027
	320	0	0	-4	6.00E+12	1.68	2.984139532	6.00E+10	0.01	10	6.00E+12	10	6.00E+12	10	3.308420793
	321	0	0	-4	6.00E+12	1.68	2.636895622	6.00E+10	0.01	10	6.00E+12	10	6.00E+12	10	3.31192525
	322	0	0	-4	6.00E+12	1.68	2.636895622	6.00E+10	0.01	10	6.00E+12	10	6.00E+12	10	3.315422436
	323	0	0	-4	6.00E+12	1.68	2.636895622	6.00E+10	0.01	10	6.00E+12	10	6.00E+12	10	3.318912389
	324	0	0	-4	6.00E+12	1.68	2.636895622	6.00E+10	0.01	10	6.00E+12	10	6.00E+12	10	3.322395146
	325	0	0	-4	6.00E+12	1.68	1.182898214	6.00E+10	0.01	10	6.00E+12	10	6.00E+12	10	3.325870745
	326	0	0	-4	6.00E+12	1.68	2.779390135	6.00E+10	0.01	10	6.00E+12	10	6.00E+12	10	3.329339221
	327	0	0	-4	6.00E+12	1.68	2.844411903	6.00E+10	0.01	10	6.00E+12	10	6.00E+12	10	3.332800612
	328	0	0	-4	6.00E+12	1.68	2.914967438	6.00E+10	0.01	10	6.00E+12	10	6.00E+12	10	3.336254953
	329	0	0	-4	6.00E+12	1.68	2.844411903	6.00E+10	0.01	10	6.00E+12	10	6.00E+12	10	3.33970228
	330	0	0	-4	6.00E+12	1.68	3.33	6.00E+10	0.01	10	6.00E+12	10	6.00E+12	10	3.343142628
	331	0	0	-4	6.00E+12	1.68	2.636895622	6.00E+10	0.01	10	6.00E+12	10	6.00E+12	10	3.346576034
	332	0	0	-4	6.00E+12	1.68	3.123867161	6.00E+10	0.01	10	6.00E+12	10	6.00E+12	10	3.350002531
	333	0	0	-4	6.00E+12	1.68	2.843028461	6.00E+10	0.01	10	6.00E+12	10	6.00E+12	10	3.353422154
	334	0	0	-4	6.00E+12	1.68	2.776623251	6.00E+10	0.01	10	6.00E+12	10	6.00E+12	10	3.356834939
	335	0	0	-4	6.00E+12	1.68	2.984139532	6.00E+10	0.01	10	6.00E+12	10	6.00E+12	10	3.360240918
	336	0	0	-4	6.00E+12	1.68	3.33	6.00E+10	0.01	10	6.00E+12	10	6.00E+12	10	3.363640125
	337	0	0	-4	6.00E+12	1.68	2.636895622	6.00E+10	0.01	10	6.00E+12	10	6.00E+12	10	3.367032595
	338	0	0	-4	6.00E+12	1.68	2.98275609	6.00E+10	0.01	10	6.00E+12	10	6.00E+12	10	3.370418361
	339	0	0	-4	6.00E+12	1.68	2.636895622	6.00E+10	0.01	10	6.00E+12	10	6.00E+12	10	3.373797455
	340	0	0	-4	6.00E+12	1.68	2.984139532	6.00E+10	0.01	10	6.00E+12	10	6.00E+12	10	3.37716991
	341	0	0	-4	6.00E+12	1.68	2.636895622	6.00E+10	0.01	10	6.00E+12	10	6.00E+12	10	3.380535759
	342	0	0	-4	6.00E+12	1.68	2.636895622	6.00E+10	0.01	10	6.00E+12	10	6.00E+12	10	3.383895034
	343	0	0	-4	6.00E+12	1.68	2.636895622	6.00E+10	0.01	10	6.00E+12	10	6.00E+12	10	3.387247767
	344	0	0	-4	6.00E+12	1.68	2.636895622	6.00E+10	0.01	10	6.00E+12	10	6.00E+12	10	3.39059399
	345	0	0	-4	6.00E+12	1.68	1.182898214	6.00E+10	0.01	10	6.00E+12	10	6.00E+12	10	3.393933735
	346	0	0	-4	6.00E+12	1.68	2.780773577	6.00E+10	0.01	10	6.00E+12	10	6.00E+12	10	3.397267032
	347	0	0	-4	6.00E+12	1.68	2.914967438	6.00E+10	0.01	10	6.00E+12	10	6.00E+12	10	3.400593912
	348	0	0	-4	6.00E+12	1.68	2.844411903	6.00E+10	0.01	10	6.00E+12	10	6.00E+12	10	3.403914408
	349	0	0	-4	6.00E+12	1.68	2.844411903	6.00E+10	0.01	10	6.00E+12	10	6.00E+12	10	3.407228548
	350	0	0	-4	6.00E+12	1.68	3.33	6.00E+10	0.01	10	6.00E+12	10	6.00E+12	10	3.410536363
	351	0	0	-4	6.00E+12	1.68	2.914967438	6.00E+10	0.01	10	6.00E+12	10	6.00E+12	10	3.413837884
	352	0	0	-4	6.00E+12	1.68	2.844411903	6.00E+10	0.01	10	6.00E+12	10	6.00E+12	10	3.41713314
	353	0	0	-4	6.00E+12	1.68	2.844411903	6.00E+10	0.01	10	6.00E+12	10	6.00E+12	10	3.42042216
	354	0	0	-4	6.00E+12	1.68	2.914967438	6.00E+10	0.01	10	6.00E+12	10	6.00E+12	10	3.423704976
	355	0	0	-4	6.00E+12	1.68	3.33	6.00E+10	0.01	10	6.00E+12	10	6.00E+12	10	3.426981614
	356	0	0	-4	6.00E+12	1.68	2.844411903	6.00E+10	0.01	10	6.00E+12	10	6.00E+12	10	3.430252105
	357	0	0	-4	6.00E+12	1.68	2.776623251	6.00E+10	0.01	10	6.00E+12	10	6.00E+12	10	3.433516477
	358	0	0	-4	6.00E+12	1.68	2.98275609	6.00E+10	0.01	10	6.00E+12	10	6.00E+12	10	3.436774759
	359	0	0	-4	6.00E+12	1.68	3.33	6.00E+10	0.01	10	6.00E+12	10	6.00E+12	10	3.44002698
	360	0	0	-4	6.00E+12	1.68	2.636895622	6.00E+10	0.01	10	6.00E+12	10	6.00E+12	10	3.443273166
	361	0	0	-4	6.00E+12	1.68	2.984139532	6.00E+10	0.01	10	6.00E+12	10	6.00E+12	10	3.446513346
	362	0	0	-4	6.00E+12	1.68	2.984139532	6.00E+10	0.01	10	6.00E+12	10	6.00E+12	10	3.449747548
	363	0	0	-4	6.00E+12	1.68	3.33	6.00E+10	0.01	10	6.00E+12	10	6.00E+12	10	3.4529758
	364	0	0	-4	6.00E+12	1.68	2.636895622	6.00E+10	0.01	10	6.00E+12	10	6.00E+12	10	3.456198128
	365	0	0	-4	6.00E+12	1.68	2.636895622	6.00E+10	0.01	10	6.00E+12	10	6.00E+12	10	3.45941456
	366	0	0	-4	6.00E+12	1.68	2.636895622	6.00E+10	0.01	10	6.00E+12	10	6.00E+12	10	3.462625122
	367	0	0	-4	6.00E+12	1.68	2.636895622	6.00E+10	0.01	10	6.00E+12	10	6.00E+12	10	3.465829842
	368	0	0	-4	6.00E+12	1.68	2.636895622	6.00E+10	0.01	10	6.00E+12	10	6.00E+12	10	3.469028745
	369	0	0	-4	6.00E+12	1.68	2.636895622	6.00E+10	0.01	10	6.00E+12	10	6.00E+12	10	3.472221859
	370	0	0	-4	6.00E+12	1.68	1.047320911	6.00E+10	0.01	10	6.00E+12	10	6.00E+12	10	3.475409208
	371	0	0	-4	6.00E+12	1.68	2.98275609	6.00E+10	0.01	10	6.00E+12	10	6.00E+12	10	3.47859082
	372	0	0	-4	6.00E+12	1.68	2.984139532	6.00E+10	0.01	10	6.00E+12	10	6.00E+12	10	3.48176672
	373	0	0	-4	6.00E+12	1.68	2.914967438	6.00E+10	0.01	10	6.00E+12	10	6.00E+12	10	3.484936934
	374	0	0	-4	6.00E+12	1.68	2.844411903	6.00E+10	0.01	10	6.00E+12	10	6.00E+12	10	3.488101486
	375	0	0	-4	6.00E+12	1.68	2.776623251	6.00E+10	0.01	10	6.00E+12	10	6.00E+12	10	3.491260403
	376	0	0	-4	6.00E+12	1.68	2.98275609	6.00E+10	0.01	10	6.00E+12	10	6.00E+12	10	3.494413708
	377	0	0	-4	6.00E+12	1.68	3.33	6.00E+10	0.01	10	6.00E+12	10	6.00E+12	10	3.497561428
	378	0	0	-4	6.00E+12	1.68	2.638279064	6.00E+10	0.01	10	6.00E+12	10	6.00E+12	10	3.500703586
	379	0	0	-4	6.00E+12	1.68	2.98275609	6.00E+10	0.01	10	6.00E+12	10	6.00E+12	10	3.503840207
	380	0	0	-4	6.00E+12	1.68	2.636895622	6.00E+10	0.01	10	6.00E+12	10	6.00E+12	10	3.506971316
	381	0	0	-4	6.00E+12	1.68	2.984139532	6.00E+10	0.01	10	6.00E+12	10	6.00E+12	10	3.510096936
	382	0	0	-4	6.00E+12	1.68	2.636895622	6.00E+10	0.01	10	6.00E+12	10	6.00E+12	10	3.513217093
	383	0	0	-4	6.00E+12	1.68	2.636895622	6.00E+10	0.01	10	6.00E+12	10	6.00E+12	10	3.516331808
	384	0	0	-4	6.00E+12	1.68	2.636895622	6.00E+10	0.01	10	6.00E+12	10	6.00E+12	10	3.519441107
	385	0	0	-4	6.00E+12	1.68	2.636895622	6.00E+10	0.01	10	6.00E+12	10	6.00E+12	10	3.522545012
	386	0	0	-4	6.00E+12	1.68	1.182898214	6.00E+10	0.01	10	6.00E+12	10	6.00E+12	10	3.525643547
	387	0	0	-4	6.00E+12	1.68	2.779390135	6.00E+10	0.01	10	6.00E+12	10	6.00E+12	10	3.528736735
	388	0	0	-4	6.00E+12	1.68	2.984139532	6.00E+10	0.01	10	6.00E+12	10	6.00E+12	10	3.5318246
	389	0	0	-4	6.00E+12	1.68	2.776623251	6.00E+10	0.01	10	6.00E+12	10	6.00E+12	10	3.534907163
	390	0	0	-4	6.00E+12	1.68	2.843028461	6.00E+10	0.01	10	6.00E+12	10	6.00E+12	10	3.537984448
	391	0	0	-4	6.00E+12	1.68	3.33	6.00E+10	0.01	10	6.00E+12	10	6.00E+12	10	3.541056477
	392	0	0	-4	6.00E+12	1.68	2.636895622	6.00E+10	0.01	10	6.00E+12	10	6.00E+12	10	3.544123272
	393	0	0	-4	6.00E+12	1.68	3.123867161	6.00E+10	0.01	10	6.00E+12	10	6.00E+12	10	3.547184857
	394	0	0	-4	6.00E+12	1.68	2.844411903	6.00E+10	0.01	10	6.00E+12	10	6.00E+12	10	3.550241252
	395	0	0	-4	6.00E+12	1.68	2.775239809	6.00E+10	0.01	10	6.00E+12	10	6.00E+12	10	3.55329248
	396	0	0	-4	6.00E+12	1.68	2.984139532	6.00E+10	0.01	10	6.00E+12	10	6.00E+12	10	3.556338563
	397	0	0	-4	6.00E+12	1.68	3.33	6.00E+10	0.01	10	6.00E+12	10	6.00E+12	10	3.559379521
	398	0	0	-4	6.00E+12	1.68	2.636895622	6.00E+10	0.01	10	6.00E+12	10	6.00E+12	10	3.562415378
	399	0	0	-4	6.00E+12	1.68	2.98275609	6.00E+10	0.01	10	6.00E+12	10	6.00E+12	10	3.565446154
	400	0	0	-4	6.00E+12	1.68	2.636895622	6.00E+10	0.01	10	6.00E+12	10	6.00E+12	10	3.56847187
	401	0	0	-4	6.00E+12	1.68	2.984139532	6.00E+10	0.01	10	6.00E+12	10	6.00E+12	10	3.571492547
	402	0	0	-4	6.00E+12	1.68	2.636895622	6.00E+10	0.01	10	6.00E+12	10	6.00E+12	10	3.574508206
	403	0	0	-4	6.00E+12	1.68	2.636895622	6.00E+10	0.01	10	6.00E+12	10	6.00E+12	10	3.577518869
	404	0	0	-4	6.00E+12	1.68	2.636895622	6.00E+10	0.01	10	6.00E+12	10	6.00E+12	10	3.580524555
	405	0	0	-4	6.00E+12	1.68	2.636895622	6.00E+10	0.01	10	6.00E+12	10	6.00E+12	10	3.583525285
	406	0	0	-4	6.00E+12	1.68	1.047320911	6.00E+10	0.01	10	6.00E+12	10	6.00E+12	10	3.58652108
	407	0	0	-4	6.00E+12	1.68	3.054695067	6.00E+10	0.01	10	6.00E+12	10	6.00E+12	10	3.58951196
	408	0	0	-4	6.00E+12	1.68	2.844411903	6.00E+10	0.01	10	6.00E+12	10	6.00E+12	10	3.592497945
	409	0	0	-4	6.00E+12	1.68	2.844411903	6.00E+10	0.01	10	6.00E+12	10	6.00E+12	10	3.595479055
	410	0	0	-4	6.00E+12	1.68	2.914967438	6.00E+10	0.01	10	6.00E+12	10	6.00E+12	10	3.598455309
	411	0	0	-4	6.00E+12	1.68	3.33	6.00E+10	0.01	10	6.00E+12	10	6.00E+12	10	3.601426728
	412	0	0	-4	6.00E+12	1.68	2.844411903	6.00E+10	0.01	10	6.00E+12	10	6.00E+12	10	3.604393331
	413	0	0	-4	6.00E+12	1.68	2.776623251	6.00E+10	0.01	10	6.00E+12	10	6.00E+12	10	3.607355138
	414	0	0	-4	6.00E+12	1.68	2.984139532	6.00E+10	0.01	10	6.00E+12	10	6.00E+12	10	3.610312167
	415	0	0	-4	6.00E+12	1.68	3.33	6.00E+10	0.01	10	6.00E+12	10	6.00E+12	10	3.613264439
	416	0	0	-4	6.00E+12	1.68	2.775239809	6.00E+10	0.01	10	6.00E+12	10	6.00E+12	10	3.616211972
	417	0	0	-4	6.00E+12	1.68	2.844411903	6.00E+10	0.01	10	6.00E+12	10	6.00E+12	10	3.619154785
	418	0	0	-4	6.00E+12	1.68	2.776623251	6.00E+10	0.01	10	6.00E+12	10	6.00E+12	10	3.622092896
	419	0	0	-4	6.00E+12	1.68	2.98275609	6.00E+10	0.01	10	6.00E+12	10	6.00E+12	10	3.625026326
	420	0	0	-4	6.00E+12	1.68	3.33	6.00E+10	0.01	10	6.00E+12	10	6.00E+12	10	3.627955092
	421	0	0	-4	6.00E+12	1.68	2.638279064	6.00E+10	0.01	10	6.00E+12	10	6.00E+12	10	3.630879213
	422	0	0	-4	6.00E+12	1.68	2.98275609	6.00E+10	0.01	10	6.00E+12	10	6.00E+12	10	3.633798707
	423	0	0	-4	6.00E+12	1.68	2.984139532	6.00E+10	0.01	10	6.00E+12	10	6.00E+12	10	3.636713593
	424	0	0	-4	6.00E+12	1.68	3.33	6.00E+10	0.01	10	6.00E+12	10	6.00E+12	10	3.639623888
	425	0	0	-4	6.00E+12	1.68	2.636895622	6.00E+10	0.01	10	6.00E+12	10	6.00E+12	10	3.642529611
	426	0	0	-4	6.00E+12	1.68	2.636895622	6.00E+10	0.01	10	6.00E+12	10	6.00E+12	10	3.645430779
	427	0	0	-4	6.00E+12	1.68	2.636895622	6.00E+10	0.01	10	6.00E+12	10	6.00E+12	10	3.648327411
	428	0	0	-4	6.00E+12	1.68	2.636895622	6.00E+10	0.01	10	6.00E+12	10	6.00E+12	10	3.651219524
	429	0	0	-4	6.00E+12	1.68	2.636895622	6.00E+10	0.01	10	6.00E+12	10	6.00E+12	10	3.654107136
	430	0	0	-4	6.00E+12	1.68	0.907593282	6.00E+10	0.01	10	6.00E+12	10	6.00E+12	10	3.656990263
	431	0	0	-4	6.00E+12	1.68	2.847178787	6.00E+10	0.01	10	6.00E+12	10	6.00E+12	10	3.659868924
	432	0	0	-4	6.00E+12	1.68	3.33	6.00E+10	0.01	10	6.00E+12	10	6.00E+12	10	3.662743136
	433	0	0	-4	6.00E+12	1.68	2.844411903	6.00E+10	0.01	10	6.00E+12	10	6.00E+12	10	3.665612916
	434	0	0	-4	6.00E+12	1.68	2.776623251	6.00E+10	0.01	10	6.00E+12	10	6.00E+12	10	3.668478281
	435	0	0	-4	6.00E+12	1.68	2.984139532	6.00E+10	0.01	10	6.00E+12	10	6.00E+12	10	3.671339248
	436	0	0	-4	6.00E+12	1.68	3.33	6.00E+10	0.01	10	6.00E+12	10	6.00E+12	10	3.674195833
	437	0	0	-4	6.00E+12	1.68	2.636895622	6.00E+10	0.01	10	6.00E+12	10	6.00E+12	10	3.677048054
	438	0	0	-4	6.00E+12	1.68	2.98275609	6.00E+10	0.01	10	6.00E+12	10	6.00E+12	10	3.679895927
	439	0	0	-4	6.00E+12	1.68	2.984139532	6.00E+10	0.01	10	6.00E+12	10	6.00E+12	10	3.682739468
	440	0	0	-4	6.00E+12	1.68	3.33	6.00E+10	0.01	10	6.00E+12	10	6.00E+12	10	3.685578695
	441	0	0	-4	6.00E+12	1.68	2.636895622	6.00E+10	0.01	10	6.00E+12	10	6.00E+12	10	3.688413623
	442	0	0	-4	6.00E+12	1.68	2.98275609	6.00E+10	0.01	10	6.00E+12	10	6.00E+12	10	3.691244269
	443	0	0	-4	6.00E+12	1.68	2.636895622	6.00E+10	0.01	10	6.00E+12	10	6.00E+12	10	3.694070648
	444	0	0	-4	6.00E+12	1.68	2.984139532	6.00E+10	0.01	10	6.00E+12	10	6.00E+12	10	3.696892777
	445	0	0	-4	6.00E+12	1.68	2.636895622	6.00E+10	0.01	10	6.00E+12	10	6.00E+12	10	3.699710672
	446	0	0	-4	6.00E+12	1.68	2.984139532	6.00E+10	0.01	10	6.00E+12	10	6.00E+12	10	3.702524349
	447	0	0	-4	6.00E+12	1.68	2.636895622	6.00E+10	0.01	10	6.00E+12	10	6.00E+12	10	3.705333823
	448	0	0	-4	6.00E+12	1.68	2.98275609	6.00E+10	0.01	10	6.00E+12	10	6.00E+12	10	3.70813911
	449	0	0	-4	6.00E+12	1.68	2.636895622	6.00E+10	0.01	10	6.00E+12	10	6.00E+12	10	3.710940225
	450	0	0	-4	6.00E+12	1.68	2.291035154	6.00E+10	0.01	10	6.00E+12	10	6.00E+12	10	3.713737185
	451	0	0	-4	6.00E+12	1.68	1.528758683	6.00E+10	0.01	10	6.00E+12	10	6.00E+12	10	3.716530004
	452	0	0	-4	6.00E+12	1.68	2.573257296	6.00E+10	0.01	10	6.00E+12	10	6.00E+12	10	3.719318697
	453	0	0	-4	6.00E+12	1.68	2.844411903	6.00E+10	0.01	10	6.00E+12	10	6.00E+12	10	3.722103281
	454	0	0	-4	6.00E+12	1.68	3.33	6.00E+10	0.01	10	6.00E+12	10	6.00E+12	10	3.724883769
	455	0	0	-4	6.00E+12	1.68	2.914967438	6.00E+10	0.01	10	6.00E+12	10	6.00E+12	10	3.727660178
	456	0	0	-4	6.00E+12	1.68	2.844411903	6.00E+10	0.01	10	6.00E+12	10	6.00E+12	10	3.730432522
	457	0	0	-4	6.00E+12	1.68	2.844411903	6.00E+10	0.01	10	6.00E+12	10	6.00E+12	10	3.733200815
	458	0	0	-4	6.00E+12	1.68	2.914967438	6.00E+10	0.01	10	6.00E+12	10	6.00E+12	10	3.735965073
	459	0	0	-4	6.00E+12	1.68	3.33	6.00E+10	0.01	10	6.00E+12	10	6.00E+12	10	3.73872531
	460	0	0	-4	6.00E+12	1.68	2.844411903	6.00E+10	0.01	10	6.00E+12	10	6.00E+12	10	3.741481541
	461	0	0	-4	6.00E+12	1.68	2.776623251	6.00E+10	0.01	10	6.00E+12	10	6.00E+12	10	3.744233781
	462	0	0	-4	6.00E+12	1.68	2.98275609	6.00E+10	0.01	10	6.00E+12	10	6.00E+12	10	3.746982043
	463	0	0	-4	6.00E+12	1.68	3.33	6.00E+10	0.01	10	6.00E+12	10	6.00E+12	10	3.749726342
	464	0	0	-4	6.00E+12	1.68	2.636895622	6.00E+10	0.01	10	6.00E+12	10	6.00E+12	10	3.752466693
	465	0	0	-4	6.00E+12	1.68	2.984139532	6.00E+10	0.01	10	6.00E+12	10	6.00E+12	10	3.755203109
	466	0	0	-4	6.00E+12	1.68	2.984139532	6.00E+10	0.01	10	6.00E+12	10	6.00E+12	10	3.757935605
	467	0	0	-4	6.00E+12	1.68	3.33	6.00E+10	0.01	10	6.00E+12	10	6.00E+12	10	3.760664195
	468	0	0	-4	6.00E+12	1.68	2.636895622	6.00E+10	0.01	10	6.00E+12	10	6.00E+12	10	3.763388892
	469	0	0	-4	6.00E+12	1.68	2.98275609	6.00E+10	0.01	10	6.00E+12	10	6.00E+12	10	3.76610971
	470	0	0	-4	6.00E+12	1.68	2.636895622	6.00E+10	0.01	10	6.00E+12	10	6.00E+12	10	3.768826664
	471	0	0	-4	6.00E+12	1.68	2.984139532	6.00E+10	0.01	10	6.00E+12	10	6.00E+12	10	3.771539766
	472	0	0	-4	6.00E+12	1.68	2.636895622	6.00E+10	0.01	10	6.00E+12	10	6.00E+12	10	3.774249032
	473	0	0	-4	6.00E+12	1.68	2.636895622	6.00E+10	0.01	10	6.00E+12	10	6.00E+12	10	3.776954473
	474	0	0	-4	6.00E+12	1.68	2.636895622	6.00E+10	0.01	10	6.00E+12	10	6.00E+12	10	3.779656103
	475	0	0	-4	6.00E+12	1.68	2.636895622	6.00E+10	0.01	10	6.00E+12	10	6.00E+12	10	3.782353937
	476	0	0	-4	6.00E+12	1.68	1.257604076	6.00E+10	0.01	10	6.00E+12	10	6.00E+12	10	3.785047987
	477	0	0	-4	6.00E+12	1.68	2.844411903	6.00E+10	0.01	10	6.00E+12	10	6.00E+12	10	3.787738266
	478	0	0	-4	6.00E+12	1.68	2.844411903	6.00E+10	0.01	10	6.00E+12	10	6.00E+12	10	3.790424788
	479	0	0	-4	6.00E+12	1.68	2.914967438	6.00E+10	0.01	10	6.00E+12	10	6.00E+12	10	3.793107565
	480	0	0	-4	6.00E+12	1.68	3.33	6.00E+10	0.01	10	6.00E+12	10	6.00E+12	10	3.795786612
	481	0	0	-4	6.00E+12	1.68	2.844411903	6.00E+10	0.01	10	6.00E+12	10	6.00E+12	10	3.79846194
	482	0	0	-4	6.00E+12	1.68	2.844411903	6.00E+10	0.01	10	6.00E+12	10	6.00E+12	10	3.801133562
	483	0	0	-4	6.00E+12	1.68	2.914967438	6.00E+10	0.01	10	6.00E+12	10	6.00E+12	10	3.803801492
	484	0	0	-4	6.00E+12	1.68	3.33	6.00E+10	0.01	10	6.00E+12	10	6.00E+12	10	3.806465742
	485	0	0	-4	6.00E+12	1.68	2.844411903	6.00E+10	0.01	10	6.00E+12	10	6.00E+12	10	3.809126325
	486	0	0	-4	6.00E+12	1.68	2.776623251	6.00E+10	0.01	10	6.00E+12	10	6.00E+12	10	3.811783253
	487	0	0	-4	6.00E+12	1.68	2.984139532	6.00E+10	0.01	10	6.00E+12	10	6.00E+12	10	3.814436539
	488	0	0	-4	6.00E+12	1.68	3.33	6.00E+10	0.01	10	6.00E+12	10	6.00E+12	10	3.817086196
	489	0	0	-4	6.00E+12	1.68	2.636895622	6.00E+10	0.01	10	6.00E+12	10	6.00E+12	10	3.819732235
	490	0	0	-4	6.00E+12	1.68	2.98275609	6.00E+10	0.01	10	6.00E+12	10	6.00E+12	10	3.822374669
	491	0	0	-4	6.00E+12	1.68	2.984139532	6.00E+10	0.01	10	6.00E+12	10	6.00E+12	10	3.82501351
	492	0	0	-4	6.00E+12	1.68	3.33	6.00E+10	0.01	10	6.00E+12	10	6.00E+12	10	3.827648771
	493	0	0	-4	6.00E+12	1.68	2.636895622	6.00E+10	0.01	10	6.00E+12	10	6.00E+12	10	3.830280463
	494	0	0	-4	6.00E+12	1.68	2.98275609	6.00E+10	0.01	10	6.00E+12	10	6.00E+12	10	3.832908599
	495	0	0	-4	6.00E+12	1.68	2.636895622	6.00E+10	0.01	10	6.00E+12	10	6.00E+12	10	3.835533191
	496	0	0	-4	6.00E+12	1.68	2.984139532	6.00E+10	0.01	10	6.00E+12	10	6.00E+12	10	3.838154251
	497	0	0	-4	6.00E+12	1.68	2.636895622	6.00E+10	0.01	10	6.00E+12	10	6.00E+12	10	3.840771789
	498	0	0	-4	6.00E+12	1.68	2.636895622	6.00E+10	0.01	10	6.00E+12	10	6.00E+12	10	3.843385819
	499	0	0	-4	6.00E+12	1.68	2.636895622	6.00E+10	0.01	10	6.00E+12	10	6.00E+12	10	3.845996352
	500	0	0	-4	6.00E+12	1.68	0.769249095	6.00E+10	0.01	10	6.00E+12	10	6.00E+12	10	3.8486034
