!	1	418													
#	Size1	Size2	Fmig	Emig	Femit1	Eemig1	Eb1	Femit2	Eemig2	Eb2	Frotate	Erotate	Ftm	Etm	R
#unit	n	n	(s-1)	(eV)	(s-1)	(eV)	(eV)	(s-1)	(eV)	(eV)	(s-1)	(eV)	(s-1)	(eV)	a0
	0	1	6.00E+12	0.01	6.00E+12	0	10	6.00E+12	0.01	10	6.00E+12	10	6.00E+12	6	9.45E-01
	0	2	6.00E+12	0.03	6.00E+12	0	10	6.00E+12	0.01	1.03	6.00E+12	10	6.00E+12	4	1.02E+00
	0	3	6.00E+12	0.05	6.00E+12	0	10	6.00E+12	0.01	1.36	6.00E+12	10	6.00E+12	2.5	1.07E+00
	0	4	6.00E+12	0.06	6.00E+12	0	10	6.00E+12	0.01	1.52	6.00E+12	10	6.00E+12	1.4	1.11E+00
	0	5	6.00E+12	0.07	6.00E+12	0	10	6.00E+12	0.01	1.64	6.00E+12	10	6.00E+12	0.8	1.15E+00
	0	6	6.00E+10	0.08	6.00E+12	0	10	6.00E+12	0.01	2.09	6.00E+12	10	6.00E+12	0	1.18E+00
	0	7	6.00E+10	0.09	6.00E+12	0	10	6.00E+12	0.01	2.18	6.00E+12	10	6.00E+12	-0.1	1.21E+00
	0	8	6.00E+10	0.1	6.00E+12	0	10	6.00E+12	0.01	2.15	6.00E+12	10	6.00E+12	-0.9	1.23E+00
	0	9	6.00E+10	0.11	6.00E+12	0	10	6.00E+12	0.01	2.11	6.00E+12	10	6.00E+12	-1	1.26E+00
	0	10	6.00E+10	0.12	6.00E+12	0	10	6.00E+12	0.01	2.58	6.00E+12	10	6.00E+12	-1.3	1.28E+00
	0	11	6.00E+10	0.13	6.00E+12	0	10	6.00E+12	0.01	1.9	6.00E+12	10	6.00E+12	-1.8	1.30E+00
	0	12	6.00E+10	0.14	6.00E+12	0	10	6.00E+12	0.01	2.75	6.00E+12	10	6.00E+12	-1.7	1.32E+00
	0	13	6.00E+10	0.15	6.00E+12	0	10	6.00E+12	0.01	2.35	6.00E+12	10	6.00E+12	-1.9	1.33E+00
	0	14	6.00E+10	0.16	6.00E+12	0	10	6.00E+12	0.01	2.7	6.00E+12	10	6.00E+12	-1.6	1.35E+00
	0	15	6.00E+10	0.17	6.00E+12	0	10	6.00E+12	0.01	2.25	6.00E+12	10	6.00E+12	-1.75	1.37E+00
	0	16	6.00E+10	0.18	6.00E+12	0	10	6.00E+12	0.01	2.5	6.00E+12	10	6.00E+12	-4	1.38E+00
	0	17	6.00E+10	0.19	6.00E+12	0	10	6.00E+12	0.01	2.33	6.00E+12	10	6.00E+12	-4	1.40E+00
	0	18	6.00E+10	0.2	6.00E+12	0	10	6.00E+12	0.01	2.67	6.00E+12	10	6.00E+12	-4	1.41E+00
	0	19	6.00E+10	0.21	6.00E+12	0	10	6.00E+12	0.01	2.6	6.00E+12	10	6.00E+12	-4	1.43E+00
	0	20	6.00E+10	0.22	6.00E+12	0	10	6.00E+12	0.01	2.704283436	6.00E+12	10	6.00E+12	-4	1.44E+00
	0	21	6.00E+10	0.23	6.00E+12	0	10	6.00E+12	0.01	2.737626634	6.00E+12	10	6.00E+12	-4	1.45E+00
	0	22	6.00E+10	0.24	6.00E+12	0	10	6.00E+12	0.01	2.769418413	6.00E+12	10	6.00E+12	-4	1.46E+00
	0	23	6.00E+10	0.25	6.00E+12	0	10	6.00E+12	0.01	2.799796747	6.00E+12	10	6.00E+12	-4	1.48E+00
	0	24	6.00E+10	0.26	6.00E+12	0	10	6.00E+12	0.01	2.828881988	6.00E+12	10	6.00E+12	-4	1.49E+00
	0	25	6.00E+10	0.27	6.00E+12	0	10	6.00E+12	0.01	2.856779739	6.00E+12	10	6.00E+12	-4	1.50E+00
	0	26	6.00E+10	0.28	6.00E+12	0	10	6.00E+12	0.01	2.883583174	6.00E+12	10	6.00E+12	-4	1.51E+00
	0	27	6.00E+10	0.29	6.00E+12	0	10	6.00E+12	0.01	2.909374914	6.00E+12	10	6.00E+12	-4	1.52E+00
	0	28	6.00E+10	0.3	6.00E+12	0	10	6.00E+12	0.01	2.934228562	6.00E+12	10	6.00E+12	-4	1.53E+00
	0	29	6.00E+10	0.31	6.00E+12	0	10	6.00E+12	0.01	2.95820997	6.00E+12	10	6.00E+12	-4	1.54E+00
	0	30	6.00E+10	0.32	6.00E+12	0	10	6.00E+12	0.01	2.981378291	6.00E+12	10	6.00E+12	-4	1.55E+00
	0	31	6.00E+10	0.33	6.00E+12	0	10	6.00E+12	0.01	3.003786856	6.00E+12	10	6.00E+12	-4	1.56E+00
	0	32	6.00E+10	0.34	6.00E+12	0	10	6.00E+12	0.01	3.025483916	6.00E+12	10	6.00E+12	-4	1.57E+00
	0	33	6.00E+10	0.35	6.00E+12	0	10	6.00E+12	0.01	3.046513268	6.00E+12	10	6.00E+12	-4	1.58E+00
	0	34	6.00E+10	0.36	6.00E+12	0	10	6.00E+12	0.01	3.066914783	6.00E+12	10	6.00E+12	-4	1.59E+00
	0	35	6.00E+10	0.37	6.00E+12	0	10	6.00E+12	0.01	3.086724865	6.00E+12	10	6.00E+12	-4	1.60E+00
	0	36	6.00E+10	0.38	6.00E+12	0	10	6.00E+12	0.01	3.105976843	6.00E+12	10	6.00E+12	-4	1.61E+00
	0	37	6.00E+10	0.39	6.00E+12	0	10	6.00E+12	0.01	3.124701302	6.00E+12	10	6.00E+12	-4	1.62E+00
	0	38	6.00E+10	0.4	6.00E+12	0	10	6.00E+12	0.01	3.142926382	6.00E+12	10	6.00E+12	-4	1.62E+00
	0	39	6.00E+10	0.41	6.00E+12	0	10	6.00E+12	0.01	3.160678029	6.00E+12	10	6.00E+12	-4	1.63E+00
	0	40	6.00E+10	0.42	6.00E+12	0	10	6.00E+12	0.01	3.177980219	6.00E+12	10	6.00E+12	-4	1.64E+00
	0	41	6.00E+10	0.43	6.00E+12	0	10	6.00E+12	0.01	3.19485515	6.00E+12	10	6.00E+12	-4	1.65E+00
	0	42	6.00E+10	0.44	6.00E+12	0	10	6.00E+12	0.01	3.211323417	6.00E+12	10	6.00E+12	-4	1.66E+00
	0	43	6.00E+10	0.45	6.00E+12	0	10	6.00E+12	0.01	3.227404159	6.00E+12	10	6.00E+12	-4	1.67E+00
	0	44	6.00E+10	0.46	6.00E+12	0	10	6.00E+12	0.01	3.243115196	6.00E+12	10	6.00E+12	-4	1.67E+00
	0	45	6.00E+10	0.47	6.00E+12	0	10	6.00E+12	0.01	3.258473146	6.00E+12	10	6.00E+12	-4	1.68E+00
	0	46	6.00E+10	0.48	6.00E+12	0	10	6.00E+12	0.01	3.27349353	6.00E+12	10	6.00E+12	-4	1.69E+00
	0	47	6.00E+10	0.49	6.00E+12	0	10	6.00E+12	0.01	3.288190871	6.00E+12	10	6.00E+12	-4	1.70E+00
	0	48	6.00E+10	0.5	6.00E+12	0	10	6.00E+12	0.01	3.302578771	6.00E+12	10	6.00E+12	-4	1.70E+00
	0	49	6.00E+10	0.51	6.00E+12	0	10	6.00E+12	0.01	3.316669992	6.00E+12	10	6.00E+12	-4	1.71E+00
	0	50	6.00E+10	0.52	6.00E+12	0	10	6.00E+12	0.01	3.330476522	6.00E+12	10	6.00E+12	-4	1.72E+00
	0	51	6.00E+10	0.53	6.00E+12	0	10	6.00E+12	0.01	3.344009637	6.00E+12	10	6.00E+12	-4	1.72E+00
	0	52	6.00E+10	0.54	6.00E+12	0	10	6.00E+12	0.01	3.357279957	6.00E+12	10	6.00E+12	-4	1.73E+00
	0	53	6.00E+10	0.55	6.00E+12	0	10	6.00E+12	0.01	3.370297494	6.00E+12	10	6.00E+12	-4	1.74E+00
	0	54	6.00E+10	0.56	6.00E+12	0	10	6.00E+12	0.01	3.383071697	6.00E+12	10	6.00E+12	-4	1.75E+00
	0	55	6.00E+10	0.57	6.00E+12	0	10	6.00E+12	0.01	3.395611499	6.00E+12	10	6.00E+12	-4	1.75E+00
	0	56	6.00E+10	0.58	6.00E+12	0	10	6.00E+12	0.01	3.407925345	6.00E+12	10	6.00E+12	-4	1.76E+00
	0	57	6.00E+10	0.59	6.00E+12	0	10	6.00E+12	0.01	3.420021236	6.00E+12	10	6.00E+12	-4	1.76E+00
	0	58	6.00E+10	0.6	6.00E+12	0	10	6.00E+12	0.01	3.431906753	6.00E+12	10	6.00E+12	-4	1.77E+00
	0	59	6.00E+10	0.61	6.00E+12	0	10	6.00E+12	0.01	3.443589089	6.00E+12	10	6.00E+12	-4	1.78E+00
	0	60	6.00E+10	0.62	6.00E+12	0	10	6.00E+12	0.01	3.455075074	6.00E+12	10	6.00E+12	-4	1.78E+00
	0	61	6.00E+10	0.63	6.00E+12	0	10	6.00E+12	0.01	3.466371199	6.00E+12	10	6.00E+12	-4	1.79E+00
	0	62	6.00E+10	0.64	6.00E+12	0	10	6.00E+12	0.01	3.477483639	6.00E+12	10	6.00E+12	-4	1.80E+00
	0	63	6.00E+10	0.65	6.00E+12	0	10	6.00E+12	0.01	3.488418272	6.00E+12	10	6.00E+12	-4	1.80E+00
	0	64	6.00E+10	0.66	6.00E+12	0	10	6.00E+12	0.01	3.499180699	6.00E+12	10	6.00E+12	-4	1.81E+00
	0	65	6.00E+10	0.67	6.00E+12	0	10	6.00E+12	0.01	3.50977626	6.00E+12	10	6.00E+12	-4	1.81E+00
	0	66	6.00E+10	0.68	6.00E+12	0	10	6.00E+12	0.01	3.520210051	6.00E+12	10	6.00E+12	-4	1.82E+00
	0	67	6.00E+10	0.69	6.00E+12	0	10	6.00E+12	0.01	3.530486936	6.00E+12	10	6.00E+12	-4	1.83E+00
	0	68	6.00E+10	0.7	6.00E+12	0	10	6.00E+12	0.01	3.540611566	6.00E+12	10	6.00E+12	-4	1.83E+00
	0	69	6.00E+10	0.71	6.00E+12	0	10	6.00E+12	0.01	3.550588385	6.00E+12	10	6.00E+12	-4	1.84E+00
	0	70	6.00E+10	0.72	6.00E+12	0	10	6.00E+12	0.01	3.560421648	6.00E+12	10	6.00E+12	-4	1.84E+00
	0	71	6.00E+10	0.73	6.00E+12	0	10	6.00E+12	0.01	3.570115428	6.00E+12	10	6.00E+12	-4	1.85E+00
	0	72	6.00E+10	0.74	6.00E+12	0	10	6.00E+12	0.01	3.579673626	6.00E+12	10	6.00E+12	-4	1.85E+00
	0	73	6.00E+10	0.75	6.00E+12	0	10	6.00E+12	0.01	3.589099982	6.00E+12	10	6.00E+12	-4	1.86E+00
	0	74	6.00E+10	0.76	6.00E+12	0	10	6.00E+12	0.01	3.598398085	6.00E+12	10	6.00E+12	-4	1.87E+00
	0	75	6.00E+10	0.77	6.00E+12	0	10	6.00E+12	0.01	3.607571377	6.00E+12	10	6.00E+12	-4	1.87E+00
	0	76	6.00E+10	0.78	6.00E+12	0	10	6.00E+12	0.01	3.616623165	6.00E+12	10	6.00E+12	-4	1.88E+00
	0	77	6.00E+10	0.79	6.00E+12	0	10	6.00E+12	0.01	3.625556625	6.00E+12	10	6.00E+12	-4	1.88E+00
	0	78	6.00E+10	0.8	6.00E+12	0	10	6.00E+12	0.01	3.634374812	6.00E+12	10	6.00E+12	-4	1.89E+00
	0	79	6.00E+10	0.81	6.00E+12	0	10	6.00E+12	0.01	3.643080662	6.00E+12	10	6.00E+12	-4	1.89E+00
	0	80	6.00E+10	0.82	6.00E+12	0	10	6.00E+12	0.01	3.651677002	6.00E+12	10	6.00E+12	-4	1.90E+00
	0	81	6.00E+10	0.83	6.00E+12	0	10	6.00E+12	0.01	3.660166552	6.00E+12	10	6.00E+12	-4	1.90E+00
	0	82	6.00E+10	0.84	6.00E+12	0	10	6.00E+12	0.01	3.668551934	6.00E+12	10	6.00E+12	-4	1.91E+00
	0	83	6.00E+10	0.85	6.00E+12	0	10	6.00E+12	0.01	3.676835671	6.00E+12	10	6.00E+12	-4	1.91E+00
	0	84	6.00E+10	0.86	6.00E+12	0	10	6.00E+12	0.01	3.6850202	6.00E+12	10	6.00E+12	-4	1.92E+00
	0	85	6.00E+10	0.87	6.00E+12	0	10	6.00E+12	0.01	3.693107869	6.00E+12	10	6.00E+12	-4	1.92E+00
	0	86	6.00E+10	0.88	6.00E+12	0	10	6.00E+12	0.01	3.701100942	6.00E+12	10	6.00E+12	-4	1.93E+00
	0	87	6.00E+10	0.89	6.00E+12	0	10	6.00E+12	0.01	3.709001608	6.00E+12	10	6.00E+12	-4	1.93E+00
	0	88	6.00E+10	0.9	6.00E+12	0	10	6.00E+12	0.01	3.716811979	6.00E+12	10	6.00E+12	-4	1.94E+00
	0	89	6.00E+10	0.91	6.00E+12	0	10	6.00E+12	0.01	3.724534095	6.00E+12	10	6.00E+12	-4	1.94E+00
	0	90	6.00E+10	0.92	6.00E+12	0	10	6.00E+12	0.01	3.732169929	6.00E+12	10	6.00E+12	-4	1.95E+00
	0	91	6.00E+10	0.93	6.00E+12	0	10	6.00E+12	0.01	3.739721387	6.00E+12	10	6.00E+12	-4	1.95E+00
	0	92	6.00E+10	0.94	6.00E+12	0	10	6.00E+12	0.01	3.747190314	6.00E+12	10	6.00E+12	-4	1.96E+00
	0	93	6.00E+10	0.95	6.00E+12	0	10	6.00E+12	0.01	3.754578494	6.00E+12	10	6.00E+12	-4	1.96E+00
	0	94	6.00E+10	0.96	6.00E+12	0	10	6.00E+12	0.01	3.761887654	6.00E+12	10	6.00E+12	-4	1.97E+00
	0	95	6.00E+10	0.97	6.00E+12	0	10	6.00E+12	0.01	3.769119468	6.00E+12	10	6.00E+12	-4	1.97E+00
	0	96	6.00E+10	0.98	6.00E+12	0	10	6.00E+12	0.01	3.776275554	6.00E+12	10	6.00E+12	-4	1.98E+00
	0	97	6.00E+10	0.99	6.00E+12	0	10	6.00E+12	0.01	3.783357483	6.00E+12	10	6.00E+12	-4	1.98E+00
	0	98	6.00E+10	1	6.00E+12	0	10	6.00E+12	0.01	3.790366775	6.00E+12	10	6.00E+12	-4	1.98E+00
	0	99	6.00E+10	1.01	6.00E+12	0	10	6.00E+12	0.01	3.797304906	6.00E+12	10	6.00E+12	-4	1.99E+00
	0	100	6.00E+10	1.02	6.00E+12	0	10	6.00E+12	0.01	3.804173305	6.00E+12	10	6.00E+12	-4	1.99E+00
	0	101	6.00E+10	1.03	6.00E+12	0	10	6.00E+12	0.01	3.810973361	6.00E+12	10	6.00E+12	-4	2.00E+00
	0	102	6.00E+10	1.04	6.00E+12	0	10	6.00E+12	0.01	3.817706421	6.00E+12	10	6.00E+12	-4	2.00E+00
	0	103	6.00E+10	1.05	6.00E+12	0	10	6.00E+12	0.01	3.824373791	6.00E+12	10	6.00E+12	-4	2.01E+00
	0	104	6.00E+10	1.06	6.00E+12	0	10	6.00E+12	0.01	3.83097674	6.00E+12	10	6.00E+12	-4	2.01E+00
	0	105	6.00E+10	1.07	6.00E+12	0	10	6.00E+12	0.01	3.837516503	6.00E+12	10	6.00E+12	-4	2.01E+00
	0	106	6.00E+10	1.08	6.00E+12	0	10	6.00E+12	0.01	3.843994277	6.00E+12	10	6.00E+12	-4	2.02E+00
	0	107	6.00E+10	1.09	6.00E+12	0	10	6.00E+12	0.01	3.850411225	6.00E+12	10	6.00E+12	-4	2.02E+00
	0	108	6.00E+10	1.1	6.00E+12	0	10	6.00E+12	0.01	3.856768481	6.00E+12	10	6.00E+12	-4	2.03E+00
	0	109	6.00E+10	1.11	6.00E+12	0	10	6.00E+12	0.01	3.863067143	6.00E+12	10	6.00E+12	-4	2.03E+00
	0	110	6.00E+10	1.12	6.00E+12	0	10	6.00E+12	0.01	3.869308282	6.00E+12	10	6.00E+12	-4	2.04E+00
	0	111	6.00E+10	1.13	6.00E+12	0	10	6.00E+12	0.01	3.87549294	6.00E+12	10	6.00E+12	-4	2.04E+00
	0	112	6.00E+10	1.14	6.00E+12	0	10	6.00E+12	0.01	3.881622129	6.00E+12	10	6.00E+12	-4	2.04E+00
	0	113	6.00E+10	1.15	6.00E+12	0	10	6.00E+12	0.01	3.887696835	6.00E+12	10	6.00E+12	-4	2.05E+00
	0	114	6.00E+10	1.16	6.00E+12	0	10	6.00E+12	0.01	3.89371802	6.00E+12	10	6.00E+12	-4	2.05E+00
	0	115	6.00E+10	1.17	6.00E+12	0	10	6.00E+12	0.01	3.899686617	6.00E+12	10	6.00E+12	-4	2.06E+00
	0	116	6.00E+10	1.18	6.00E+12	0	10	6.00E+12	0.01	3.905603537	6.00E+12	10	6.00E+12	-4	2.06E+00
	0	117	6.00E+10	1.19	6.00E+12	0	10	6.00E+12	0.01	3.911469667	6.00E+12	10	6.00E+12	-4	2.06E+00
	0	118	6.00E+10	1.2	6.00E+12	0	10	6.00E+12	0.01	3.917285872	6.00E+12	10	6.00E+12	-4	2.07E+00
	0	119	6.00E+10	1.21	6.00E+12	0	10	6.00E+12	0.01	3.923052995	6.00E+12	10	6.00E+12	-4	2.07E+00
	0	120	6.00E+10	1.22	6.00E+12	0	10	6.00E+12	0.01	3.928771857	6.00E+12	10	6.00E+12	-4	2.08E+00
	0	121	6.00E+10	1.23	6.00E+12	0	10	6.00E+12	0.01	3.934443259	6.00E+12	10	6.00E+12	-4	2.08E+00
	0	122	6.00E+10	1.24	6.00E+12	0	10	6.00E+12	0.01	3.940067982	6.00E+12	10	6.00E+12	-4	2.08E+00
	0	123	6.00E+10	1.25	6.00E+12	0	10	6.00E+12	0.01	3.945646788	6.00E+12	10	6.00E+12	-4	2.09E+00
	0	124	6.00E+10	1.26	6.00E+12	0	10	6.00E+12	0.01	3.951180422	6.00E+12	10	6.00E+12	-4	2.09E+00
	0	125	6.00E+10	1.27	6.00E+12	0	10	6.00E+12	0.01	3.956669608	6.00E+12	10	6.00E+12	-4	2.10E+00
	0	126	6.00E+10	1.28	6.00E+12	0	10	6.00E+12	0.01	3.962115055	6.00E+12	10	6.00E+12	-4	2.10E+00
	0	127	6.00E+10	1.29	6.00E+12	0	10	6.00E+12	0.01	3.967517455	6.00E+12	10	6.00E+12	-4	2.10E+00
	0	128	6.00E+10	1.3	6.00E+12	0	10	6.00E+12	0.01	3.972877482	6.00E+12	10	6.00E+12	-4	2.11E+00
	0	129	6.00E+10	1.31	6.00E+12	0	10	6.00E+12	0.01	3.978195797	6.00E+12	10	6.00E+12	-4	2.11E+00
	0	130	6.00E+10	1.32	6.00E+12	0	10	6.00E+12	0.01	3.983473043	6.00E+12	10	6.00E+12	-4	2.12E+00
	0	131	6.00E+10	1.33	6.00E+12	0	10	6.00E+12	0.01	3.988709851	6.00E+12	10	6.00E+12	-4	2.12E+00
	0	132	6.00E+10	1.34	6.00E+12	0	10	6.00E+12	0.01	3.993906834	6.00E+12	10	6.00E+12	-4	2.12E+00
	0	133	6.00E+10	1.35	6.00E+12	0	10	6.00E+12	0.01	3.999064594	6.00E+12	10	6.00E+12	-4	2.13E+00
	0	134	6.00E+10	1.36	6.00E+12	0	10	6.00E+12	0.01	4.004183719	6.00E+12	10	6.00E+12	-4	2.13E+00
	0	135	6.00E+10	1.37	6.00E+12	0	10	6.00E+12	0.01	4.009264784	6.00E+12	10	6.00E+12	-4	2.13E+00
	0	136	6.00E+10	1.38	6.00E+12	0	10	6.00E+12	0.01	4.014308349	6.00E+12	10	6.00E+12	-4	2.14E+00
	0	137	6.00E+10	1.39	6.00E+12	0	10	6.00E+12	0.01	4.019314965	6.00E+12	10	6.00E+12	-4	2.14E+00
	0	138	6.00E+10	1.4	6.00E+12	0	10	6.00E+12	0.01	4.024285168	6.00E+12	10	6.00E+12	-4	2.14E+00
	0	139	6.00E+10	1.41	6.00E+12	0	10	6.00E+12	0.01	4.029219486	6.00E+12	10	6.00E+12	-4	2.15E+00
	0	140	6.00E+10	1.42	6.00E+12	0	10	6.00E+12	0.01	4.034118432	6.00E+12	10	6.00E+12	-4	2.15E+00
	0	141	6.00E+10	1.43	6.00E+12	0	10	6.00E+12	0.01	4.038982509	6.00E+12	10	6.00E+12	-4	2.16E+00
	0	142	6.00E+10	1.44	6.00E+12	0	10	6.00E+12	0.01	4.043812211	6.00E+12	10	6.00E+12	-4	2.16E+00
	0	143	6.00E+10	1.45	6.00E+12	0	10	6.00E+12	0.01	4.04860802	6.00E+12	10	6.00E+12	-4	2.16E+00
	0	144	6.00E+10	1.46	6.00E+12	0	10	6.00E+12	0.01	4.053370409	6.00E+12	10	6.00E+12	-4	2.17E+00
	0	145	6.00E+10	1.47	6.00E+12	0	10	6.00E+12	0.01	4.05809984	6.00E+12	10	6.00E+12	-4	2.17E+00
	0	146	6.00E+10	1.48	6.00E+12	0	10	6.00E+12	0.01	4.062796765	6.00E+12	10	6.00E+12	-4	2.17E+00
	0	147	6.00E+10	1.49	6.00E+12	0	10	6.00E+12	0.01	4.06746163	6.00E+12	10	6.00E+12	-4	2.18E+00
	0	148	6.00E+10	1.5	6.00E+12	0	10	6.00E+12	0.01	4.072094868	6.00E+12	10	6.00E+12	-4	2.18E+00
	0	149	6.00E+10	1.51	6.00E+12	0	10	6.00E+12	0.01	4.076696905	6.00E+12	10	6.00E+12	-4	2.18E+00
	0	150	6.00E+10	1.52	6.00E+12	0	10	6.00E+12	0.01	4.08126816	6.00E+12	10	6.00E+12	-4	2.19E+00
	0	151	6.00E+10	1.53	6.00E+12	0	10	6.00E+12	0.01	4.08580904	6.00E+12	10	6.00E+12	-4	2.19E+00
	0	152	6.00E+10	1.54	6.00E+12	0	10	6.00E+12	0.01	4.090319948	6.00E+12	10	6.00E+12	-4	2.19E+00
	0	153	6.00E+10	1.55	6.00E+12	0	10	6.00E+12	0.01	4.094801275	6.00E+12	10	6.00E+12	-4	2.20E+00
	0	154	6.00E+10	1.56	6.00E+12	0	10	6.00E+12	0.01	4.099253408	6.00E+12	10	6.00E+12	-4	2.20E+00
	0	155	6.00E+10	1.57	6.00E+12	0	10	6.00E+12	0.01	4.103676725	6.00E+12	10	6.00E+12	-4	2.20E+00
	0	156	6.00E+10	1.58	6.00E+12	0	10	6.00E+12	0.01	4.108071595	6.00E+12	10	6.00E+12	-4	2.21E+00
	0	157	6.00E+10	1.59	6.00E+12	0	10	6.00E+12	0.01	4.112438383	6.00E+12	10	6.00E+12	-4	2.21E+00
	0	158	6.00E+10	1.6	6.00E+12	0	10	6.00E+12	0.01	4.116777446	6.00E+12	10	6.00E+12	-4	2.21E+00
	0	159	6.00E+10	1.61	6.00E+12	0	10	6.00E+12	0.01	4.121089132	6.00E+12	10	6.00E+12	-4	2.22E+00
	0	160	6.00E+10	1.62	6.00E+12	0	10	6.00E+12	0.01	4.125373785	6.00E+12	10	6.00E+12	-4	2.22E+00
	0	161	6.00E+10	1.63	6.00E+12	0	10	6.00E+12	0.01	4.129631743	6.00E+12	10	6.00E+12	-4	2.22E+00
	0	162	6.00E+10	1.64	6.00E+12	0	10	6.00E+12	0.01	4.133863335	6.00E+12	10	6.00E+12	-4	2.23E+00
	0	163	6.00E+10	1.65	6.00E+12	0	10	6.00E+12	0.01	4.138068887	6.00E+12	10	6.00E+12	-4	2.23E+00
	0	164	6.00E+10	1.66	6.00E+12	0	10	6.00E+12	0.01	4.142248717	6.00E+12	10	6.00E+12	-4	2.23E+00
	0	165	6.00E+10	1.67	6.00E+12	0	10	6.00E+12	0.01	4.146403137	6.00E+12	10	6.00E+12	-4	2.24E+00
	0	166	6.00E+10	1.68	6.00E+12	0	10	6.00E+12	0.01	4.150532455	6.00E+12	10	6.00E+12	-4	2.24E+00
	0	167	6.00E+10	1.69	6.00E+12	0	10	6.00E+12	0.01	4.154636971	6.00E+12	10	6.00E+12	-4	2.24E+00
	0	168	6.00E+10	1.7	6.00E+12	0	10	6.00E+12	0.01	4.158716984	6.00E+12	10	6.00E+12	-4	2.25E+00
	0	169	6.00E+10	1.71	6.00E+12	0	10	6.00E+12	0.01	4.162772782	6.00E+12	10	6.00E+12	-4	2.25E+00
	0	170	6.00E+10	1.72	6.00E+12	0	10	6.00E+12	0.01	4.166804652	6.00E+12	10	6.00E+12	-4	2.25E+00
	0	171	6.00E+10	1.73	6.00E+12	0	10	6.00E+12	0.01	4.170812875	6.00E+12	10	6.00E+12	-4	2.25E+00
	0	172	6.00E+10	1.74	6.00E+12	0	10	6.00E+12	0.01	4.174797725	6.00E+12	10	6.00E+12	-4	2.26E+00
	0	173	6.00E+10	1.75	6.00E+12	0	10	6.00E+12	0.01	4.178759476	6.00E+12	10	6.00E+12	-4	2.26E+00
	0	174	6.00E+10	1.76	6.00E+12	0	10	6.00E+12	0.01	4.182698391	6.00E+12	10	6.00E+12	-4	2.26E+00
	0	175	6.00E+10	1.77	6.00E+12	0	10	6.00E+12	0.01	4.186614735	6.00E+12	10	6.00E+12	-4	2.27E+00
	0	176	6.00E+10	1.78	6.00E+12	0	10	6.00E+12	0.01	4.190508762	6.00E+12	10	6.00E+12	-4	2.27E+00
	0	177	6.00E+10	1.79	6.00E+12	0	10	6.00E+12	0.01	4.194380727	6.00E+12	10	6.00E+12	-4	2.27E+00
	0	178	6.00E+10	1.8	6.00E+12	0	10	6.00E+12	0.01	4.198230878	6.00E+12	10	6.00E+12	-4	2.28E+00
	0	179	6.00E+10	1.81	6.00E+12	0	10	6.00E+12	0.01	4.20205946	6.00E+12	10	6.00E+12	-4	2.28E+00
	0	180	6.00E+10	1.82	6.00E+12	0	10	6.00E+12	0.01	4.205866712	6.00E+12	10	6.00E+12	-4	2.28E+00
	0	181	6.00E+10	1.83	6.00E+12	0	10	6.00E+12	0.01	4.209652871	6.00E+12	10	6.00E+12	-4	2.29E+00
	0	182	6.00E+10	1.84	6.00E+12	0	10	6.00E+12	0.01	4.21341817	6.00E+12	10	6.00E+12	-4	2.29E+00
	0	183	6.00E+10	1.85	6.00E+12	0	10	6.00E+12	0.01	4.217162837	6.00E+12	10	6.00E+12	-4	2.29E+00
	0	184	6.00E+10	1.86	6.00E+12	0	10	6.00E+12	0.01	4.220887097	6.00E+12	10	6.00E+12	-4	2.29E+00
	0	185	6.00E+10	1.87	6.00E+12	0	10	6.00E+12	0.01	4.224591171	6.00E+12	10	6.00E+12	-4	2.30E+00
	0	186	6.00E+10	1.88	6.00E+12	0	10	6.00E+12	0.01	4.228275277	6.00E+12	10	6.00E+12	-4	2.30E+00
	0	187	6.00E+10	1.89	6.00E+12	0	10	6.00E+12	0.01	4.231939629	6.00E+12	10	6.00E+12	-4	2.30E+00
	0	188	6.00E+10	1.9	6.00E+12	0	10	6.00E+12	0.01	4.235584437	6.00E+12	10	6.00E+12	-4	2.31E+00
	0	189	6.00E+10	1.91	6.00E+12	0	10	6.00E+12	0.01	4.23920991	6.00E+12	10	6.00E+12	-4	2.31E+00
	0	190	6.00E+10	1.92	6.00E+12	0	10	6.00E+12	0.01	4.242816251	6.00E+12	10	6.00E+12	-4	2.31E+00
	0	191	6.00E+10	1.93	6.00E+12	0	10	6.00E+12	0.01	4.246403661	6.00E+12	10	6.00E+12	-4	2.31E+00
	0	192	6.00E+10	1.94	6.00E+12	0	10	6.00E+12	0.01	4.249972337	6.00E+12	10	6.00E+12	-4	2.32E+00
	0	193	6.00E+10	1.95	6.00E+12	0	10	6.00E+12	0.01	4.253522475	6.00E+12	10	6.00E+12	-4	2.32E+00
	0	194	6.00E+10	1.96	6.00E+12	0	10	6.00E+12	0.01	4.257054266	6.00E+12	10	6.00E+12	-4	2.32E+00
	0	195	6.00E+10	1.97	6.00E+12	0	10	6.00E+12	0.01	4.260567898	6.00E+12	10	6.00E+12	-4	2.33E+00
	0	196	6.00E+10	1.98	6.00E+12	0	10	6.00E+12	0.01	4.264063558	6.00E+12	10	6.00E+12	-4	2.33E+00
	0	197	6.00E+10	1.99	6.00E+12	0	10	6.00E+12	0.01	4.267541428	6.00E+12	10	6.00E+12	-4	2.33E+00
	0	198	6.00E+10	2	6.00E+12	0	10	6.00E+12	0.01	4.271001689	6.00E+12	10	6.00E+12	-4	2.33E+00
	0	199	6.00E+10	2.01	6.00E+12	0	10	6.00E+12	0.01	4.274444517	6.00E+12	10	6.00E+12	-4	2.34E+00
	0	200	6.00E+10	2.02	6.00E+12	0	10	6.00E+12	0.01	4.277870088	6.00E+12	10	6.00E+12	-4	2.34E+00
	0	201	6.00E+10	2.03	6.00E+12	0	10	6.00E+12	0.01	4.281278574	6.00E+12	10	6.00E+12	-4	2.34E+00
	0	202	6.00E+10	2.04	6.00E+12	0	10	6.00E+12	0.01	4.284670144	6.00E+12	10	6.00E+12	-4	2.35E+00
	0	203	6.00E+10	2.05	6.00E+12	0	10	6.00E+12	0.01	4.288044966	6.00E+12	10	6.00E+12	-4	2.35E+00
	0	204	6.00E+10	2.06	6.00E+12	0	10	6.00E+12	0.01	4.291403204	6.00E+12	10	6.00E+12	-4	2.35E+00
	0	205	6.00E+10	2.07	6.00E+12	0	10	6.00E+12	0.01	4.29474502	6.00E+12	10	6.00E+12	-4	2.35E+00
	0	206	6.00E+10	2.08	6.00E+12	0	10	6.00E+12	0.01	4.298070574	6.00E+12	10	6.00E+12	-4	2.36E+00
	0	207	6.00E+10	2.09	6.00E+12	0	10	6.00E+12	0.01	4.301380023	6.00E+12	10	6.00E+12	-4	2.36E+00
	0	208	6.00E+10	2.1	6.00E+12	0	10	6.00E+12	0.01	4.304673524	6.00E+12	10	6.00E+12	-4	2.36E+00
	0	209	6.00E+10	2.11	6.00E+12	0	10	6.00E+12	0.01	4.307951228	6.00E+12	10	6.00E+12	-4	2.364971882
	0	210	6.00E+10	2.12	6.00E+12	0	10	6.00E+12	0.01	4.311213286	6.00E+12	10	6.00E+12	-4	2.367690299
	0	211	6.00E+10	2.13	6.00E+12	0	10	6.00E+12	0.01	4.314459848	6.00E+12	10	6.00E+12	-4	2.370400101
	0	212	6.00E+10	2.14	6.00E+12	0	10	6.00E+12	0.01	4.31769106	6.00E+12	10	6.00E+12	-4	2.373101354
	0	213	6.00E+10	2.15	6.00E+12	0	10	6.00E+12	0.01	4.320907066	6.00E+12	10	6.00E+12	-4	2.375794126
	0	214	6.00E+10	2.16	6.00E+12	0	10	6.00E+12	0.01	4.324108009	6.00E+12	10	6.00E+12	-4	2.378478483
	0	215	6.00E+10	2.17	6.00E+12	0	10	6.00E+12	0.01	4.327294028	6.00E+12	10	6.00E+12	-4	2.38115449
	0	216	6.00E+10	2.18	6.00E+12	0	10	6.00E+12	0.01	4.330465264	6.00E+12	10	6.00E+12	-4	2.383822212
	0	217	6.00E+10	2.19	6.00E+12	0	10	6.00E+12	0.01	4.333621851	6.00E+12	10	6.00E+12	-4	2.386481714
	0	218	6.00E+10	2.2	6.00E+12	0	10	6.00E+12	0.01	4.336763926	6.00E+12	10	6.00E+12	-4	2.389133057
	0	219	6.00E+10	2.21	6.00E+12	0	10	6.00E+12	0.01	4.33989162	6.00E+12	10	6.00E+12	-4	2.391776305
	0	220	6.00E+10	2.22	6.00E+12	0	10	6.00E+12	0.01	4.343005065	6.00E+12	10	6.00E+12	-4	2.394411518
	0	221	6.00E+10	2.23	6.00E+12	0	10	6.00E+12	0.01	4.34610439	6.00E+12	10	6.00E+12	-4	2.397038758
	0	222	6.00E+10	2.24	6.00E+12	0	10	6.00E+12	0.01	4.349189723	6.00E+12	10	6.00E+12	-4	2.399658085
	0	223	6.00E+10	2.25	6.00E+12	0	10	6.00E+12	0.01	4.352261189	6.00E+12	10	6.00E+12	-4	2.402269558
	0	224	6.00E+10	2.26	6.00E+12	0	10	6.00E+12	0.01	4.355318912	6.00E+12	10	6.00E+12	-4	2.404873234
	0	225	6.00E+10	2.27	6.00E+12	0	10	6.00E+12	0.01	4.358363015	6.00E+12	10	6.00E+12	-4	2.407469174
	0	226	6.00E+10	2.28	6.00E+12	0	10	6.00E+12	0.01	4.361393619	6.00E+12	10	6.00E+12	-4	2.410057433
	0	227	6.00E+10	2.29	6.00E+12	0	10	6.00E+12	0.01	4.364410842	6.00E+12	10	6.00E+12	-4	2.412638069
	0	228	6.00E+10	2.3	6.00E+12	0	10	6.00E+12	0.01	4.367414803	6.00E+12	10	6.00E+12	-4	2.415211136
	0	229	6.00E+10	2.31	6.00E+12	0	10	6.00E+12	0.01	4.370405617	6.00E+12	10	6.00E+12	-4	2.417776691
	0	230	6.00E+10	2.32	6.00E+12	0	10	6.00E+12	0.01	4.3733834	6.00E+12	10	6.00E+12	-4	2.420334788
	0	231	6.00E+10	2.33	6.00E+12	0	10	6.00E+12	0.01	4.376348263	6.00E+12	10	6.00E+12	-4	2.422885481
	0	232	6.00E+10	2.34	6.00E+12	0	10	6.00E+12	0.01	4.37930032	6.00E+12	10	6.00E+12	-4	2.425428823
	0	233	6.00E+10	2.35	6.00E+12	0	10	6.00E+12	0.01	4.382239679	6.00E+12	10	6.00E+12	-4	2.427964867
	0	234	6.00E+10	2.36	6.00E+12	0	10	6.00E+12	0.01	4.38516645	6.00E+12	10	6.00E+12	-4	2.430493665
	0	235	6.00E+10	2.37	6.00E+12	0	10	6.00E+12	0.01	4.38808074	6.00E+12	10	6.00E+12	-4	2.433015269
	0	236	6.00E+10	2.38	6.00E+12	0	10	6.00E+12	0.01	4.390982656	6.00E+12	10	6.00E+12	-4	2.43552973
	0	237	6.00E+10	2.39	6.00E+12	0	10	6.00E+12	0.01	4.3938723	6.00E+12	10	6.00E+12	-4	2.438037097
	0	238	6.00E+10	2.4	6.00E+12	0	10	6.00E+12	0.01	4.396749778	6.00E+12	10	6.00E+12	-4	2.440537421
	0	239	6.00E+10	2.41	6.00E+12	0	10	6.00E+12	0.01	4.399615191	6.00E+12	10	6.00E+12	-4	2.443030752
	0	240	6.00E+10	2.42	6.00E+12	0	10	6.00E+12	0.01	4.40246864	6.00E+12	10	6.00E+12	-4	2.445517137
	0	241	6.00E+10	2.43	6.00E+12	0	10	6.00E+12	0.01	4.405310224	6.00E+12	10	6.00E+12	-4	2.447996625
	0	242	6.00E+10	2.44	6.00E+12	0	10	6.00E+12	0.01	4.408140042	6.00E+12	10	6.00E+12	-4	2.450469264
	0	243	6.00E+10	2.45	6.00E+12	0	10	6.00E+12	0.01	4.41095819	6.00E+12	10	6.00E+12	-4	2.4529351
	0	244	6.00E+10	2.46	6.00E+12	0	10	6.00E+12	0.01	4.413764765	6.00E+12	10	6.00E+12	-4	2.455394181
	0	245	6.00E+10	2.47	6.00E+12	0	10	6.00E+12	0.01	4.416559861	6.00E+12	10	6.00E+12	-4	2.457846552
	0	246	6.00E+10	2.48	6.00E+12	0	10	6.00E+12	0.01	4.419343572	6.00E+12	10	6.00E+12	-4	2.460292258
	0	247	6.00E+10	2.49	6.00E+12	0	10	6.00E+12	0.01	4.422115989	6.00E+12	10	6.00E+12	-4	2.462731346
	0	248	6.00E+10	2.5	6.00E+12	0	10	6.00E+12	0.01	4.424877205	6.00E+12	10	6.00E+12	-4	2.46516386
	0	249	6.00E+10	2.51	6.00E+12	0	10	6.00E+12	0.01	4.427627309	6.00E+12	10	6.00E+12	-4	2.467589843
	0	250	6.00E+10	2.52	6.00E+12	0	10	6.00E+12	0.01	4.430366391	6.00E+12	10	6.00E+12	-4	2.47000934
	0	251	6.00E+10	2.53	6.00E+12	0	10	6.00E+12	0.01	4.433094539	6.00E+12	10	6.00E+12	-4	2.472422393
	0	252	6.00E+10	2.54	6.00E+12	0	10	6.00E+12	0.01	4.435811838	6.00E+12	10	6.00E+12	-4	2.474829045
	0	253	6.00E+10	2.55	6.00E+12	0	10	6.00E+12	0.01	4.438518377	6.00E+12	10	6.00E+12	-4	2.477229339
	0	254	6.00E+10	2.56	6.00E+12	0	10	6.00E+12	0.01	4.441214238	6.00E+12	10	6.00E+12	-4	2.479623317
	0	255	6.00E+10	2.57	6.00E+12	0	10	6.00E+12	0.01	4.443899507	6.00E+12	10	6.00E+12	-4	2.482011019
	0	256	6.00E+10	2.58	6.00E+12	0	10	6.00E+12	0.01	4.446574266	6.00E+12	10	6.00E+12	-4	2.484392488
	0	257	6.00E+10	2.59	6.00E+12	0	10	6.00E+12	0.01	4.449238596	6.00E+12	10	6.00E+12	-4	2.486767762
	0	258	6.00E+10	2.6	6.00E+12	0	10	6.00E+12	0.01	4.45189258	6.00E+12	10	6.00E+12	-4	2.489136883
	0	259	6.00E+10	2.61	6.00E+12	0	10	6.00E+12	0.01	4.454536297	6.00E+12	10	6.00E+12	-4	2.49149989
	0	260	6.00E+10	2.62	6.00E+12	0	10	6.00E+12	0.01	4.457169827	6.00E+12	10	6.00E+12	-4	2.493856822
	0	261	6.00E+10	2.63	6.00E+12	0	10	6.00E+12	0.01	4.459793246	6.00E+12	10	6.00E+12	-4	2.496207719
	0	262	6.00E+10	2.64	6.00E+12	0	10	6.00E+12	0.01	4.462406634	6.00E+12	10	6.00E+12	-4	2.498552618
	0	263	6.00E+10	2.65	6.00E+12	0	10	6.00E+12	0.01	4.465010066	6.00E+12	10	6.00E+12	-4	2.500891558
	0	264	6.00E+10	2.66	6.00E+12	0	10	6.00E+12	0.01	4.467603617	6.00E+12	10	6.00E+12	-4	2.503224578
	0	265	6.00E+10	2.67	6.00E+12	0	10	6.00E+12	0.01	4.470187363	6.00E+12	10	6.00E+12	-4	2.505551713
	0	266	6.00E+10	2.68	6.00E+12	0	10	6.00E+12	0.01	4.472761377	6.00E+12	10	6.00E+12	-4	2.507873
	0	267	6.00E+10	2.69	6.00E+12	0	10	6.00E+12	0.01	4.475325733	6.00E+12	10	6.00E+12	-4	2.510188478
	0	268	6.00E+10	2.7	6.00E+12	0	10	6.00E+12	0.01	4.477880502	6.00E+12	10	6.00E+12	-4	2.512498181
	0	269	6.00E+10	2.71	6.00E+12	0	10	6.00E+12	0.01	4.480425757	6.00E+12	10	6.00E+12	-4	2.514802146
	0	270	6.00E+10	2.72	6.00E+12	0	10	6.00E+12	0.01	4.482961567	6.00E+12	10	6.00E+12	-4	2.517100408
	0	271	6.00E+10	2.73	6.00E+12	0	10	6.00E+12	0.01	4.485488002	6.00E+12	10	6.00E+12	-4	2.519393001
	0	272	6.00E+10	2.74	6.00E+12	0	10	6.00E+12	0.01	4.488005132	6.00E+12	10	6.00E+12	-4	2.521679962
	0	273	6.00E+10	2.75	6.00E+12	0	10	6.00E+12	0.01	4.490513025	6.00E+12	10	6.00E+12	-4	2.523961325
	0	274	6.00E+10	2.76	6.00E+12	0	10	6.00E+12	0.01	4.493011748	6.00E+12	10	6.00E+12	-4	2.526237124
	0	275	6.00E+10	2.77	6.00E+12	0	10	6.00E+12	0.01	4.495501368	6.00E+12	10	6.00E+12	-4	2.528507391
	0	276	6.00E+10	2.78	6.00E+12	0	10	6.00E+12	0.01	4.497981952	6.00E+12	10	6.00E+12	-4	2.530772162
	0	277	6.00E+10	2.79	6.00E+12	0	10	6.00E+12	0.01	4.500453564	6.00E+12	10	6.00E+12	-4	2.533031469
	0	278	6.00E+10	2.8	6.00E+12	0	10	6.00E+12	0.01	4.502916269	6.00E+12	10	6.00E+12	-4	2.535285345
	0	279	6.00E+10	2.81	6.00E+12	0	10	6.00E+12	0.01	4.505370132	6.00E+12	10	6.00E+12	-4	2.537533823
	0	280	6.00E+10	2.82	6.00E+12	0	10	6.00E+12	0.01	4.507815215	6.00E+12	10	6.00E+12	-4	2.539776934
	0	281	6.00E+10	2.83	6.00E+12	0	10	6.00E+12	0.01	4.510251581	6.00E+12	10	6.00E+12	-4	2.54201471
	0	282	6.00E+10	2.84	6.00E+12	0	10	6.00E+12	0.01	4.512679292	6.00E+12	10	6.00E+12	-4	2.544247184
	0	283	6.00E+10	2.85	6.00E+12	0	10	6.00E+12	0.01	4.51509841	6.00E+12	10	6.00E+12	-4	2.546474386
	0	284	6.00E+10	2.86	6.00E+12	0	10	6.00E+12	0.01	4.517508994	6.00E+12	10	6.00E+12	-4	2.548696349
	0	285	6.00E+10	2.87	6.00E+12	0	10	6.00E+12	0.01	4.519911106	6.00E+12	10	6.00E+12	-4	2.550913101
	0	286	6.00E+10	2.88	6.00E+12	0	10	6.00E+12	0.01	4.522304804	6.00E+12	10	6.00E+12	-4	2.553124673
	0	287	6.00E+10	2.89	6.00E+12	0	10	6.00E+12	0.01	4.524690146	6.00E+12	10	6.00E+12	-4	2.555331097
	0	288	6.00E+10	2.9	6.00E+12	0	10	6.00E+12	0.01	4.527067192	6.00E+12	10	6.00E+12	-4	2.557532401
	0	289	6.00E+10	2.91	6.00E+12	0	10	6.00E+12	0.01	4.529435999	6.00E+12	10	6.00E+12	-4	2.559728616
	0	290	6.00E+10	2.92	6.00E+12	0	10	6.00E+12	0.01	4.531796623	6.00E+12	10	6.00E+12	-4	2.56191977
	0	291	6.00E+10	2.93	6.00E+12	0	10	6.00E+12	0.01	4.534149121	6.00E+12	10	6.00E+12	-4	2.564105893
	0	292	6.00E+10	2.94	6.00E+12	0	10	6.00E+12	0.01	4.536493548	6.00E+12	10	6.00E+12	-4	2.566287013
	0	293	6.00E+10	2.95	6.00E+12	0	10	6.00E+12	0.01	4.538829961	6.00E+12	10	6.00E+12	-4	2.568463159
	0	294	6.00E+10	2.96	6.00E+12	0	10	6.00E+12	0.01	4.541158413	6.00E+12	10	6.00E+12	-4	2.570634359
	0	295	6.00E+10	2.97	6.00E+12	0	10	6.00E+12	0.01	4.543478959	6.00E+12	10	6.00E+12	-4	2.572800642
	0	296	6.00E+10	2.98	6.00E+12	0	10	6.00E+12	0.01	4.545791651	6.00E+12	10	6.00E+12	-4	2.574962034
	0	297	6.00E+10	2.99	6.00E+12	0	10	6.00E+12	0.01	4.548096544	6.00E+12	10	6.00E+12	-4	2.577118564
	0	298	6.00E+10	3	6.00E+12	0	10	6.00E+12	0.01	4.550393689	6.00E+12	10	6.00E+12	-4	2.579270259
	0	299	6.00E+10	3.01	6.00E+12	0	10	6.00E+12	0.01	4.552683138	6.00E+12	10	6.00E+12	-4	2.581417145
	0	300	6.00E+10	3.02	6.00E+12	0	10	6.00E+12	0.01	4.554964943	6.00E+12	10	6.00E+12	-4	2.58355925
	0	301	6.00E+10	3.03	6.00E+12	0	10	6.00E+12	0.01	4.557239155	6.00E+12	10	6.00E+12	-4	2.5856966
	0	302	6.00E+10	3.04	6.00E+12	0	10	6.00E+12	0.01	4.559505824	6.00E+12	10	6.00E+12	-4	2.587829222
	0	303	6.00E+10	3.05	6.00E+12	0	10	6.00E+12	0.01	4.561764999	6.00E+12	10	6.00E+12	-4	2.58995714
	0	304	6.00E+10	3.06	6.00E+12	0	10	6.00E+12	0.01	4.564016731	6.00E+12	10	6.00E+12	-4	2.592080382
	0	305	6.00E+10	3.07	6.00E+12	0	10	6.00E+12	0.01	4.566261068	6.00E+12	10	6.00E+12	-4	2.594198973
	0	306	6.00E+10	3.08	6.00E+12	0	10	6.00E+12	0.01	4.568498059	6.00E+12	10	6.00E+12	-4	2.596312938
	0	307	6.00E+10	3.09	6.00E+12	0	10	6.00E+12	0.01	4.570727751	6.00E+12	10	6.00E+12	-4	2.598422303
	0	308	6.00E+10	3.1	6.00E+12	0	10	6.00E+12	0.01	4.572950192	6.00E+12	10	6.00E+12	-4	2.600527091
	0	309	6.00E+10	3.11	6.00E+12	0	10	6.00E+12	0.01	4.575165429	6.00E+12	10	6.00E+12	-4	2.602627329
	0	310	6.00E+10	3.12	6.00E+12	0	10	6.00E+12	0.01	4.577373508	6.00E+12	10	6.00E+12	-4	2.604723041
	0	311	6.00E+10	3.13	6.00E+12	0	10	6.00E+12	0.01	4.579574476	6.00E+12	10	6.00E+12	-4	2.60681425
	0	312	6.00E+10	3.14	6.00E+12	0	10	6.00E+12	0.01	4.581768379	6.00E+12	10	6.00E+12	-4	2.608900982
	0	313	6.00E+10	3.15	6.00E+12	0	10	6.00E+12	0.01	4.58395526	6.00E+12	10	6.00E+12	-4	2.610983259
	0	314	6.00E+10	3.16	6.00E+12	0	10	6.00E+12	0.01	4.586135167	6.00E+12	10	6.00E+12	-4	2.613061106
	0	315	6.00E+10	3.17	6.00E+12	0	10	6.00E+12	0.01	4.588308141	6.00E+12	10	6.00E+12	-4	2.615134546
	0	316	6.00E+10	3.18	6.00E+12	0	10	6.00E+12	0.01	4.590474229	6.00E+12	10	6.00E+12	-4	2.617203603
	0	317	6.00E+10	3.19	6.00E+12	0	10	6.00E+12	0.01	4.592633472	6.00E+12	10	6.00E+12	-4	2.619268299
	0	318	6.00E+10	3.2	6.00E+12	0	10	6.00E+12	0.01	4.594785915	6.00E+12	10	6.00E+12	-4	2.621328657
	0	319	6.00E+10	3.21	6.00E+12	0	10	6.00E+12	0.01	4.5969316	6.00E+12	10	6.00E+12	-4	2.623384701
	0	320	6.00E+10	3.22	6.00E+12	0	10	6.00E+12	0.01	4.599070569	6.00E+12	10	6.00E+12	-4	2.625436452
	0	321	6.00E+10	3.23	6.00E+12	0	10	6.00E+12	0.01	4.601202864	6.00E+12	10	6.00E+12	-4	2.627483933
	0	322	6.00E+10	3.24	6.00E+12	0	10	6.00E+12	0.01	4.603328526	6.00E+12	10	6.00E+12	-4	2.629527166
	0	323	6.00E+10	3.25	6.00E+12	0	10	6.00E+12	0.01	4.605447598	6.00E+12	10	6.00E+12	-4	2.631566174
	0	324	6.00E+10	3.26	6.00E+12	0	10	6.00E+12	0.01	4.607560119	6.00E+12	10	6.00E+12	-4	2.633600977
	0	325	6.00E+10	3.27	6.00E+12	0	10	6.00E+12	0.01	4.60966613	6.00E+12	10	6.00E+12	-4	2.635631598
	0	326	6.00E+10	3.28	6.00E+12	0	10	6.00E+12	0.01	4.61176567	6.00E+12	10	6.00E+12	-4	2.637658057
	0	327	6.00E+10	3.29	6.00E+12	0	10	6.00E+12	0.01	4.613858781	6.00E+12	10	6.00E+12	-4	2.639680377
	0	328	6.00E+10	3.3	6.00E+12	0	10	6.00E+12	0.01	4.6159455	6.00E+12	10	6.00E+12	-4	2.641698577
	0	329	6.00E+10	3.31	6.00E+12	0	10	6.00E+12	0.01	4.618025867	6.00E+12	10	6.00E+12	-4	2.64371268
	0	330	6.00E+10	3.32	6.00E+12	0	10	6.00E+12	0.01	4.62009992	6.00E+12	10	6.00E+12	-4	2.645722706
	0	331	6.00E+10	3.33	6.00E+12	0	10	6.00E+12	0.01	4.622167698	6.00E+12	10	6.00E+12	-4	2.647728675
	0	332	6.00E+10	3.34	6.00E+12	0	10	6.00E+12	0.01	4.624229238	6.00E+12	10	6.00E+12	-4	2.649730609
	0	333	6.00E+10	3.35	6.00E+12	0	10	6.00E+12	0.01	4.626284578	6.00E+12	10	6.00E+12	-4	2.651728526
	0	334	6.00E+10	3.36	6.00E+12	0	10	6.00E+12	0.01	4.628333755	6.00E+12	10	6.00E+12	-4	2.653722447
	0	335	6.00E+10	3.37	6.00E+12	0	10	6.00E+12	0.01	4.630376805	6.00E+12	10	6.00E+12	-4	2.655712393
	0	336	6.00E+10	3.38	6.00E+12	0	10	6.00E+12	0.01	4.632413767	6.00E+12	10	6.00E+12	-4	2.657698382
	0	337	6.00E+10	3.39	6.00E+12	0	10	6.00E+12	0.01	4.634444675	6.00E+12	10	6.00E+12	-4	2.659680435
	0	338	6.00E+10	3.4	6.00E+12	0	10	6.00E+12	0.01	4.636469565	6.00E+12	10	6.00E+12	-4	2.66165857
	0	339	6.00E+10	3.41	6.00E+12	0	10	6.00E+12	0.01	4.638488473	6.00E+12	10	6.00E+12	-4	2.663632808
	0	340	6.00E+10	3.42	6.00E+12	0	10	6.00E+12	0.01	4.640501435	6.00E+12	10	6.00E+12	-4	2.665603167
	0	341	6.00E+10	3.43	6.00E+12	0	10	6.00E+12	0.01	4.642508485	6.00E+12	10	6.00E+12	-4	2.667569667
	0	342	6.00E+10	3.44	6.00E+12	0	10	6.00E+12	0.01	4.644509658	6.00E+12	10	6.00E+12	-4	2.669532325
	0	343	6.00E+10	3.45	6.00E+12	0	10	6.00E+12	0.01	4.646504988	6.00E+12	10	6.00E+12	-4	2.671491162
	0	344	6.00E+10	3.46	6.00E+12	0	10	6.00E+12	0.01	4.648494509	6.00E+12	10	6.00E+12	-4	2.673446194
	0	345	6.00E+10	3.47	6.00E+12	0	10	6.00E+12	0.01	4.650478255	6.00E+12	10	6.00E+12	-4	2.675397442
	0	346	6.00E+10	3.48	6.00E+12	0	10	6.00E+12	0.01	4.652456259	6.00E+12	10	6.00E+12	-4	2.677344923
	0	347	6.00E+10	3.49	6.00E+12	0	10	6.00E+12	0.01	4.654428555	6.00E+12	10	6.00E+12	-4	2.679288655
	0	348	6.00E+10	3.5	6.00E+12	0	10	6.00E+12	0.01	4.656395175	6.00E+12	10	6.00E+12	-4	2.681228656
	0	349	6.00E+10	3.51	6.00E+12	0	10	6.00E+12	0.01	4.658356152	6.00E+12	10	6.00E+12	-4	2.683164945
	0	350	6.00E+10	3.52	6.00E+12	0	10	6.00E+12	0.01	4.660311518	6.00E+12	10	6.00E+12	-4	2.685097538
	0	351	6.00E+10	3.53	6.00E+12	0	10	6.00E+12	0.01	4.662261305	6.00E+12	10	6.00E+12	-4	2.687026454
	0	352	6.00E+10	3.54	6.00E+12	0	10	6.00E+12	0.01	4.664205545	6.00E+12	10	6.00E+12	-4	2.688951709
	0	353	6.00E+10	3.55	6.00E+12	0	10	6.00E+12	0.01	4.66614427	6.00E+12	10	6.00E+12	-4	2.690873321
	0	354	6.00E+10	3.56	6.00E+12	0	10	6.00E+12	0.01	4.66807751	6.00E+12	10	6.00E+12	-4	2.692791308
	0	355	6.00E+10	3.57	6.00E+12	0	10	6.00E+12	0.01	4.670005297	6.00E+12	10	6.00E+12	-4	2.694705686
	0	356	6.00E+10	3.58	6.00E+12	0	10	6.00E+12	0.01	4.671927661	6.00E+12	10	6.00E+12	-4	2.696616473
	0	357	6.00E+10	3.59	6.00E+12	0	10	6.00E+12	0.01	4.673844633	6.00E+12	10	6.00E+12	-4	2.698523685
	0	358	6.00E+10	3.6	6.00E+12	0	10	6.00E+12	0.01	4.675756243	6.00E+12	10	6.00E+12	-4	2.700427338
	0	359	6.00E+10	3.61	6.00E+12	0	10	6.00E+12	0.01	4.67766252	6.00E+12	10	6.00E+12	-4	2.702327449
	0	360	6.00E+10	3.62	6.00E+12	0	10	6.00E+12	0.01	4.679563495	6.00E+12	10	6.00E+12	-4	2.704224036
	0	361	6.00E+10	3.63	6.00E+12	0	10	6.00E+12	0.01	4.681459197	6.00E+12	10	6.00E+12	-4	2.706117113
	0	362	6.00E+10	3.64	6.00E+12	0	10	6.00E+12	0.01	4.683349654	6.00E+12	10	6.00E+12	-4	2.708006698
	0	363	6.00E+10	3.65	6.00E+12	0	10	6.00E+12	0.01	4.685234897	6.00E+12	10	6.00E+12	-4	2.709892806
	0	364	6.00E+10	3.66	6.00E+12	0	10	6.00E+12	0.01	4.687114953	6.00E+12	10	6.00E+12	-4	2.711775453
	0	365	6.00E+10	3.67	6.00E+12	0	10	6.00E+12	0.01	4.688989851	6.00E+12	10	6.00E+12	-4	2.713654655
	0	366	6.00E+10	3.68	6.00E+12	0	10	6.00E+12	0.01	4.69085962	6.00E+12	10	6.00E+12	-4	2.715530428
	0	367	6.00E+10	3.69	6.00E+12	0	10	6.00E+12	0.01	4.692724287	6.00E+12	10	6.00E+12	-4	2.717402788
	0	368	6.00E+10	3.7	6.00E+12	0	10	6.00E+12	0.01	4.69458388	6.00E+12	10	6.00E+12	-4	2.719271749
	0	369	6.00E+10	3.71	6.00E+12	0	10	6.00E+12	0.01	4.696438427	6.00E+12	10	6.00E+12	-4	2.721137328
	0	370	6.00E+10	3.72	6.00E+12	0	10	6.00E+12	0.01	4.698287954	6.00E+12	10	6.00E+12	-4	2.722999539
	0	371	6.00E+10	3.73	6.00E+12	0	10	6.00E+12	0.01	4.70013249	6.00E+12	10	6.00E+12	-4	2.724858398
	0	372	6.00E+10	3.74	6.00E+12	0	10	6.00E+12	0.01	4.70197206	6.00E+12	10	6.00E+12	-4	2.726713919
	0	373	6.00E+10	3.75	6.00E+12	0	10	6.00E+12	0.01	4.703806692	6.00E+12	10	6.00E+12	-4	2.728566118
	0	374	6.00E+10	3.76	6.00E+12	0	10	6.00E+12	0.01	4.705636412	6.00E+12	10	6.00E+12	-4	2.73041501
	0	375	6.00E+10	3.77	6.00E+12	0	10	6.00E+12	0.01	4.707461246	6.00E+12	10	6.00E+12	-4	2.732260609
	0	376	6.00E+10	3.78	6.00E+12	0	10	6.00E+12	0.01	4.709281221	6.00E+12	10	6.00E+12	-4	2.73410293
	0	377	6.00E+10	3.79	6.00E+12	0	10	6.00E+12	0.01	4.711096361	6.00E+12	10	6.00E+12	-4	2.735941987
	0	378	6.00E+10	3.8	6.00E+12	0	10	6.00E+12	0.01	4.712906693	6.00E+12	10	6.00E+12	-4	2.737777795
	0	379	6.00E+10	3.81	6.00E+12	0	10	6.00E+12	0.01	4.714712243	6.00E+12	10	6.00E+12	-4	2.739610368
	0	380	6.00E+10	3.82	6.00E+12	0	10	6.00E+12	0.01	4.716513034	6.00E+12	10	6.00E+12	-4	2.74143972
	0	381	6.00E+10	3.83	6.00E+12	0	10	6.00E+12	0.01	4.718309093	6.00E+12	10	6.00E+12	-4	2.743265866
	0	382	6.00E+10	3.84	6.00E+12	0	10	6.00E+12	0.01	4.720100444	6.00E+12	10	6.00E+12	-4	2.745088819
	0	383	6.00E+10	3.85	6.00E+12	0	10	6.00E+12	0.01	4.721887112	6.00E+12	10	6.00E+12	-4	2.746908593
	0	384	6.00E+10	3.86	6.00E+12	0	10	6.00E+12	0.01	4.72366912	6.00E+12	10	6.00E+12	-4	2.748725203
	0	385	6.00E+10	3.87	6.00E+12	0	10	6.00E+12	0.01	4.725446495	6.00E+12	10	6.00E+12	-4	2.750538662
	0	386	6.00E+10	3.88	6.00E+12	0	10	6.00E+12	0.01	4.727219258	6.00E+12	10	6.00E+12	-4	2.752348983
	0	387	6.00E+10	3.89	6.00E+12	0	10	6.00E+12	0.01	4.728987435	6.00E+12	10	6.00E+12	-4	2.75415618
	0	388	6.00E+10	3.9	6.00E+12	0	10	6.00E+12	0.01	4.730751049	6.00E+12	10	6.00E+12	-4	2.755960267
	0	389	6.00E+10	3.91	6.00E+12	0	10	6.00E+12	0.01	4.732510123	6.00E+12	10	6.00E+12	-4	2.757761256
	0	390	6.00E+10	3.92	6.00E+12	0	10	6.00E+12	0.01	4.734264682	6.00E+12	10	6.00E+12	-4	2.759559162
	0	391	6.00E+10	3.93	6.00E+12	0	10	6.00E+12	0.01	4.736014746	6.00E+12	10	6.00E+12	-4	2.761353997
	0	392	6.00E+10	3.94	6.00E+12	0	10	6.00E+12	0.01	4.737760341	6.00E+12	10	6.00E+12	-4	2.763145774
	0	393	6.00E+10	3.95	6.00E+12	0	10	6.00E+12	0.01	4.739501489	6.00E+12	10	6.00E+12	-4	2.764934506
	0	394	6.00E+10	3.96	6.00E+12	0	10	6.00E+12	0.01	4.741238211	6.00E+12	10	6.00E+12	-4	2.766720207
	0	395	6.00E+10	3.97	6.00E+12	0	10	6.00E+12	0.01	4.742970532	6.00E+12	10	6.00E+12	-4	2.768502889
	0	396	6.00E+10	3.98	6.00E+12	0	10	6.00E+12	0.01	4.744698472	6.00E+12	10	6.00E+12	-4	2.770282565
	0	397	6.00E+10	3.99	6.00E+12	0	10	6.00E+12	0.01	4.746422054	6.00E+12	10	6.00E+12	-4	2.772059247
	0	398	6.00E+10	4	6.00E+12	0	10	6.00E+12	0.01	4.7481413	6.00E+12	10	6.00E+12	-4	2.773832948
	0	399	6.00E+10	4.01	6.00E+12	0	10	6.00E+12	0.01	4.749856232	6.00E+12	10	6.00E+12	-4	2.775603681
	0	400	6.00E+10	4.02	6.00E+12	0	10	6.00E+12	0.01	4.751566871	6.00E+12	10	6.00E+12	-4	2.777371457
	0	401	6.00E+10	4.03	6.00E+12	0	10	6.00E+12	0.01	4.753273239	6.00E+12	10	6.00E+12	-4	2.77913629
	0	402	6.00E+10	4.04	6.00E+12	0	10	6.00E+12	0.01	4.754975357	6.00E+12	10	6.00E+12	-4	2.780898191
	0	403	6.00E+10	4.05	6.00E+12	0	10	6.00E+12	0.01	4.756673246	6.00E+12	10	6.00E+12	-4	2.782657172
	0	404	6.00E+10	4.06	6.00E+12	0	10	6.00E+12	0.01	4.758366928	6.00E+12	10	6.00E+12	-4	2.784413246
	0	405	6.00E+10	4.07	6.00E+12	0	10	6.00E+12	0.01	4.760056422	6.00E+12	10	6.00E+12	-4	2.786166425
	0	406	6.00E+10	4.08	6.00E+12	0	10	6.00E+12	0.01	4.761741749	6.00E+12	10	6.00E+12	-4	2.78791672
	0	407	6.00E+10	4.09	6.00E+12	0	10	6.00E+12	0.01	4.763422931	6.00E+12	10	6.00E+12	-4	2.789664143
	0	408	6.00E+10	4.1	6.00E+12	0	10	6.00E+12	0.01	4.765099987	6.00E+12	10	6.00E+12	-4	2.791408707
	0	409	6.00E+10	4.11	6.00E+12	0	10	6.00E+12	0.01	4.766772938	6.00E+12	10	6.00E+12	-4	2.793150422
	0	410	6.00E+10	4.12	6.00E+12	0	10	6.00E+12	0.01	4.768441803	6.00E+12	10	6.00E+12	-4	2.794889301
	0	411	6.00E+10	4.13	6.00E+12	0	10	6.00E+12	0.01	4.770106603	6.00E+12	10	6.00E+12	-4	2.796625354
	0	412	6.00E+10	4.14	6.00E+12	0	10	6.00E+12	0.01	4.771767357	6.00E+12	10	6.00E+12	-4	2.798358594
	0	413	6.00E+10	4.15	6.00E+12	0	10	6.00E+12	0.01	4.773424085	6.00E+12	10	6.00E+12	-4	2.800089031
	0	414	6.00E+10	4.16	6.00E+12	0	10	6.00E+12	0.01	4.775076807	6.00E+12	10	6.00E+12	-4	2.801816678
	0	415	6.00E+10	4.17	6.00E+12	0	10	6.00E+12	0.01	4.776725541	6.00E+12	10	6.00E+12	-4	2.803541544
	0	416	6.00E+10	4.18	6.00E+12	0	10	6.00E+12	0.01	4.778370307	6.00E+12	10	6.00E+12	-4	2.805263642
	0	417	6.00E+10	4.19	6.00E+12	0	10	6.00E+12	0.01	4.780011124	6.00E+12	10	6.00E+12	-4	2.806982982
	0	418	6.00E+10	4.2	6.00E+12	0	10	6.00E+12	0.01	4.781648011	6.00E+12	10	6.00E+12	-4	2.808699576
