step	0	time	0	temperature	773	cpu_time	0.713
60	500
step	28022743	time	2e-06	temperature	773	cpu_time	12.385
6	1
6	1
2	1
step	44686830	time	4e-06	temperature	773	cpu_time	17.315
6	1
6	1
2	2
14	1
8	1
step	50706418	time	6e-06	temperature	773	cpu_time	18.395
6	1
6	1
2	2
14	1
8	1
step	53278602	time	8e-06	temperature	773	cpu_time	18.778
6	1
6	1
2	2
14	1
8	1
step	54362476	time	1e-05	temperature	773	cpu_time	18.949
6	1
6	1
2	2
14	1
8	1
step	56422454	time	1.2e-05	temperature	773	cpu_time	19.633
2	2
1	1
2	1
8	2
14	2
6	2
8	1
86	1
step	56717271	time	1.40091e-05	temperature	773	cpu_time	19.715
2	2
2	1
8	2
14	2
6	2
8	1
86	1
step	56718076	time	1.60094e-05	temperature	773	cpu_time	19.717
2	2
2	1
8	2
14	2
6	2
8	1
86	1
step	56718795	time	1.80015e-05	temperature	773	cpu_time	19.719
2	2
2	1
8	2
14	2
6	2
8	1
86	1
step	56719635	time	2.00028e-05	temperature	773	cpu_time	19.721
2	2
2	1
8	2
14	2
6	2
8	1
86	1
step	56720433	time	2.2002e-05	temperature	773	cpu_time	19.723
2	2
2	1
8	2
14	2
6	2
8	1
86	1
step	56721271	time	2.40025e-05	temperature	773	cpu_time	19.725
2	2
2	1
8	2
14	2
6	2
8	1
86	1
step	56722080	time	2.60038e-05	temperature	773	cpu_time	19.727
2	2
2	1
8	2
14	2
6	2
8	1
86	1
step	57811841	time	2.8e-05	temperature	773	cpu_time	20.243
2	2
2	1
14	2
6	2
8	1
1	1
87	1
2	1
1	2
10	1
step	58956532	time	3.00018e-05	temperature	773	cpu_time	20.661
2	2
2	1
14	2
6	2
8	1
2	1
1	2
10	1
87	2
step	58958086	time	3.2002e-05	temperature	773	cpu_time	20.663
2	2
2	1
14	2
6	2
8	1
2	1
1	2
10	1
87	2
step	58959705	time	3.40035e-05	temperature	773	cpu_time	20.666
2	2
2	1
14	2
6	2
8	1
2	1
1	2
10	1
87	2
step	59196197	time	3.6e-05	temperature	773	cpu_time	20.792
2	2
2	1
14	2
6	2
2	1
1	2
10	1
87	2
1	1
1	1
1	1
8	2
step	60764218	time	3.80009e-05	temperature	773	cpu_time	21.537
2	2
2	1
2	1
1	2
8	2
15	2
7	2
11	1
88	3
step	60765832	time	4.00027e-05	temperature	773	cpu_time	21.539
2	2
2	1
2	1
1	2
8	2
15	2
7	2
11	1
88	3
step	62026715	time	4.2e-05	temperature	773	cpu_time	22.25
2	2
2	1
1	2
8	2
15	2
7	2
1	1
1	1
2	2
1	1
12	3
2	1
step	64874954	time	4.4e-05	temperature	773	cpu_time	23.953
2	1
8	2
15	2
2	2
12	3
1	2
1	3
90	1
3	1
7	3
4	1
1	1
1	1
step	65160512	time	4.60017e-05	temperature	773	cpu_time	24.105
2	1
8	2
15	2
2	2
1	2
1	3
3	1
7	3
13	3
91	1
4	2
step	65161314	time	4.80001e-05	temperature	773	cpu_time	24.108
2	1
8	2
15	2
2	2
1	2
1	3
3	1
7	3
13	3
91	1
4	2
step	66580821	time	5.00001e-05	temperature	773	cpu_time	25.06
8	2
1	2
1	3
3	1
7	3
13	3
91	1
4	2
1	1
3	1
2	3
16	2
step	67540602	time	5.77826e-05	temperature	773	cpu_time	25.606
8	2
1	2
1	3
3	1
7	3
13	3
91	1
4	2
3	1
2	3
16	3
1	1
step	67540603	time	5.77826e-05	temperature	773	cpu_time	25.608
8	2
1	2
1	3
3	1
7	3
13	3
91	1
4	2
3	1
2	3
16	3
1	1
step	67540604	time	5.77826e-05	temperature	773	cpu_time	25.61
8	2
1	2
1	3
3	1
7	3
13	3
91	1
4	2
3	1
2	3
16	3
1	1
step	68156148	time	5.8e-05	temperature	773	cpu_time	26.04
8	2
1	2
1	3
7	3
13	3
91	1
4	2
3	1
2	3
16	3
1	1
1	1
1	1
1	1
1	1
1	1
4	1
step	69655379	time	6.50407e-05	temperature	773	cpu_time	26.944
8	2
1	2
1	3
2	3
16	3
4	1
92	1
4	2
5	2
1	2
14	3
1	1
1	1
step	69655380	time	6.50407e-05	temperature	773	cpu_time	26.947
8	2
1	2
1	3
2	3
16	3
4	1
92	1
4	2
5	2
1	2
14	3
1	1
1	1
step	69655381	time	6.50407e-05	temperature	773	cpu_time	26.949
8	2
1	2
1	3
2	3
16	3
4	1
92	1
4	2
5	2
1	2
14	3
1	1
1	1
1	1
step	71048120	time	6.6e-05	temperature	773	cpu_time	27.998
1	2
1	3
2	3
4	1
92	1
4	2
5	2
14	3
1	1
8	3
17	3
2	2
1	1
step	71693564	time	7.09384e-05	temperature	773	cpu_time	28.483
1	2
1	3
2	3
4	1
92	1
4	2
5	2
14	3
8	3
2	2
18	3
1	1
1	1
1	1
step	71693565	time	7.09384e-05	temperature	773	cpu_time	28.485
1	2
1	3
2	3
4	1
92	1
4	2
5	2
14	3
8	3
2	2
18	3
1	1
1	1
1	1
step	74673705	time	7.2e-05	temperature	773	cpu_time	30.909
1	2
2	3
5	2
14	3
8	3
3	2
94	1
5	2
4	3
20	3
step	75022890	time	7.47788e-05	temperature	773	cpu_time	31.151
1	2
2	3
5	2
14	3
8	3
3	2
94	1
5	2
4	3
20	3
1	1
1	1
step	80725204	time	7.6e-05	temperature	773	cpu_time	36.029
1	2
5	2
4	3
9	3
1	2
98	2
3	1
15	3
4	2
2	1
1	1
1	1
9	2
5	2
2	1
5	1
step	81241702	time	7.8001e-05	temperature	773	cpu_time	36.439
1	2
5	2
4	3
9	3
1	2
98	2
3	1
15	3
4	2
2	1
9	2
2	1
6	2
5	2
step	81243314	time	8e-05	temperature	773	cpu_time	36.443
1	2
5	2
4	3
9	3
1	2
98	2
3	1
15	3
4	2
2	1
9	2
2	1
6	2
5	2
step	81244940	time	8.20026e-05	temperature	773	cpu_time	36.447
1	2
5	2
4	3
9	3
1	2
98	2
3	1
15	3
4	2
2	1
9	2
2	1
6	2
5	2
step	81246564	time	8.40001e-05	temperature	773	cpu_time	36.451
1	2
5	2
4	3
9	3
1	2
98	2
3	1
15	3
4	2
2	1
9	2
2	1
6	2
5	2
step	82418199	time	8.6e-05	temperature	773	cpu_time	37.701
1	2
5	2
4	3
1	2
3	1
15	3
4	2
2	1
9	2
2	1
5	2
11	3
99	2
6	1
1	2
1	1
step	83883687	time	8.80001e-05	temperature	773	cpu_time	39.236
1	2
5	2
4	3
1	2
3	1
15	3
2	1
9	2
2	1
5	2
6	1
1	2
100	2
1	1
5	2
13	1
step	86838693	time	9e-05	temperature	773	cpu_time	42.277
1	2
5	2
1	2
3	1
15	3
2	1
2	1
5	2
6	1
1	2
13	1
1	1
1	1
1	1
10	2
5	3
1	2
101	3
step	89270429	time	9.20001e-05	temperature	773	cpu_time	44.972
1	2
1	2
3	1
15	3
2	1
5	2
6	1
1	2
5	3
3	2
10	3
13	2
1	1
1	2
2	3
101	1
step	89923421	time	9.4e-05	temperature	773	cpu_time	45.704
1	2
1	2
3	1
2	1
5	2
6	1
1	2
3	2
10	3
13	2
1	1
1	2
2	3
1	1
1	1
1	1
102	1
6	3
1	2
16	3
step	90760153	time	9.60044e-05	temperature	773	cpu_time	46.626
1	2
1	2
3	1
2	1
5	2
6	1
1	2
3	2
10	3
1	2
2	3
102	1
6	3
1	2
16	3
14	3
step	90760966	time	9.80015e-05	temperature	773	cpu_time	46.629
1	2
1	2
3	1
2	1
5	2
6	1
1	2
3	2
10	3
1	2
2	3
102	1
6	3
1	2
16	3
14	3
step	90761774	time	0.0001	temperature	773	cpu_time	46.632
1	2
1	2
3	1
2	1
5	2
6	1
1	2
3	2
10	3
1	2
2	3
102	1
6	3
1	2
16	3
14	3
step	94143522	time	0.000102001	temperature	773	cpu_time	50.671
3	1
2	1
5	2
1	2
3	2
1	2
2	3
6	3
1	2
1	2
16	1
2	3
17	1
103	2
1	3
1	3
12	1
step	94144293	time	0.000104005	temperature	773	cpu_time	50.675
3	1
2	1
5	2
1	2
3	2
1	2
2	3
6	3
1	2
1	2
16	1
2	3
17	1
103	2
1	3
1	3
12	1
step	94145119	time	0.000106001	temperature	773	cpu_time	50.678
3	1
2	1
5	2
1	2
3	2
1	2
2	3
6	3
1	2
1	2
16	1
2	3
17	1
103	2
1	3
1	3
12	1
step	94145887	time	0.000108001	temperature	773	cpu_time	50.682
3	1
2	1
5	2
1	2
3	2
1	2
2	3
6	3
1	2
1	2
16	1
2	3
17	1
103	2
1	3
1	3
12	1
step	98195880	time	0.00011	temperature	773	cpu_time	55.486
5	2
1	2
1	2
6	3
1	2
1	2
16	1
2	3
17	1
1	3
1	3
12	1
3	3
2	2
3	2
step	100093770	time	0.000112	temperature	773	cpu_time	57.999
5	2
1	2
1	2
6	3
1	2
1	2
16	1
2	3
17	1
1	3
1	3
12	1
3	3
2	2
3	2
1	1
step	104918688	time	0.000114	temperature	773	cpu_time	63.976
5	2
1	2
1	2
6	3
1	2
16	1
2	3
17	1
1	3
12	1
2	2
3	2
108	3
1	1
2	2
step	109088892	time	0.000116	temperature	773	cpu_time	69.077
5	2
1	2
1	2
6	3
1	2
2	3
17	1
1	3
12	1
2	2
3	2
2	2
1	1
16	2
1	2
109	3
6	1
1	1
step	109540210	time	0.000121445	temperature	773	cpu_time	69.612
5	2
1	2
1	2
1	2
2	3
17	1
1	3
12	1
2	2
3	2
2	2
16	2
1	2
109	3
6	1
7	3
step	109540211	time	0.000121445	temperature	773	cpu_time	69.615
5	2
1	2
1	2
1	2
2	3
17	1
1	3
12	1
2	2
3	2
2	2
16	2
1	2
109	3
6	1
7	3
step	110150193	time	0.000122	temperature	773	cpu_time	70.341
5	2
1	2
1	2
1	2
17	1
1	3
12	1
2	2
3	2
2	2
16	2
1	2
6	1
7	3
1	1
1	1
1	1
2	3
109	1
step	113621103	time	0.000124	temperature	773	cpu_time	74.875
5	2
1	2
1	2
1	2
17	1
1	3
12	1
2	2
3	2
16	2
1	2
6	1
2	3
109	1
3	2
step	116629657	time	0.000126	temperature	773	cpu_time	78.956
5	2
1	2
1	2
17	1
1	3
2	2
3	2
16	2
1	2
6	1
2	3
109	1
3	2
1	1
2	1
1	3
13	1
step	116647691	time	0.000128	temperature	773	cpu_time	78.999
5	2
1	2
1	2
17	1
1	3
2	2
16	2
1	2
6	1
2	3
109	1
3	2
2	1
1	3
13	1
4	2
step	116648522	time	0.000130001	temperature	773	cpu_time	79.004
5	2
1	2
1	2
17	1
1	3
2	2
16	2
1	2
6	1
2	3
109	1
3	2
2	1
1	3
13	1
4	2
step	116649343	time	0.000132004	temperature	773	cpu_time	79.01
5	2
1	2
1	2
17	1
1	3
2	2
16	2
1	2
6	1
2	3
109	1
3	2
2	1
1	3
13	1
4	2
step	116650101	time	0.000134002	temperature	773	cpu_time	79.017
5	2
1	2
1	2
17	1
1	3
2	2
16	2
1	2
6	1
2	3
109	1
3	2
2	1
1	3
13	1
4	2
step	116650922	time	0.000136001	temperature	773	cpu_time	79.021
5	2
1	2
1	2
17	1
1	3
2	2
16	2
1	2
6	1
2	3
109	1
3	2
2	1
1	3
13	1
4	2
step	117574358	time	0.000138	temperature	773	cpu_time	80.373
5	2
1	2
17	1
1	3
2	2
16	2
1	2
6	1
2	3
109	1
3	2
2	1
1	3
13	1
4	2
1	1
2	1
2	2
1	1
step	118858965	time	0.00014	temperature	773	cpu_time	82.403
5	2
17	1
1	3
2	2
16	2
1	2
6	1
2	3
109	1
3	2
1	3
13	1
4	2
2	1
2	2
1	1
1	1
1	1
1	3
4	1
step	119260241	time	0.000142003	temperature	773	cpu_time	82.972
5	2
17	1
1	3
2	2
16	2
6	1
2	3
3	2
1	3
4	2
2	1
2	2
1	3
4	1
110	1
13	2
2	2
step	119280320	time	0.000144003	temperature	773	cpu_time	82.999
5	2
17	1
1	3
2	2
16	2
6	1
2	3
3	2
1	3
4	2
2	1
2	2
1	3
4	1
110	1
13	2
2	2
step	119281128	time	0.000146002	temperature	773	cpu_time	83.003
5	2
17	1
1	3
2	2
16	2
6	1
2	3
3	2
1	3
4	2
2	1
2	2
1	3
4	1
110	1
13	2
2	2
step	119281911	time	0.000148002	temperature	773	cpu_time	83.007
5	2
17	1
1	3
2	2
16	2
6	1
2	3
3	2
1	3
4	2
2	1
2	2
1	3
4	1
110	1
13	2
2	2
step	119282740	time	0.000150002	temperature	773	cpu_time	83.011
5	2
17	1
1	3
2	2
16	2
6	1
2	3
3	2
1	3
4	2
2	1
2	2
1	3
4	1
110	1
13	2
2	2
step	119283596	time	0.000152001	temperature	773	cpu_time	83.015
5	2
17	1
1	3
2	2
16	2
6	1
2	3
3	2
1	3
4	2
2	1
2	2
1	3
4	1
110	1
13	2
2	2
step	119284375	time	0.000154002	temperature	773	cpu_time	83.018
5	2
17	1
1	3
2	2
16	2
6	1
2	3
3	2
1	3
4	2
2	1
2	2
1	3
4	1
110	1
13	2
2	2
step	119285165	time	0.000156002	temperature	773	cpu_time	83.022
5	2
17	1
1	3
2	2
16	2
6	1
2	3
3	2
1	3
4	2
2	1
2	2
1	3
4	1
110	1
13	2
2	2
step	119286003	time	0.000158001	temperature	773	cpu_time	83.026
5	2
17	1
1	3
2	2
16	2
6	1
2	3
3	2
1	3
4	2
2	1
2	2
1	3
4	1
110	1
13	2
2	2
step	119286832	time	0.000160001	temperature	773	cpu_time	83.03
5	2
17	1
1	3
2	2
16	2
6	1
2	3
3	2
1	3
4	2
2	1
2	2
1	3
4	1
110	1
13	2
2	2
step	119287622	time	0.000162001	temperature	773	cpu_time	83.034
5	2
17	1
1	3
2	2
16	2
6	1
2	3
3	2
1	3
4	2
2	1
2	2
1	3
4	1
110	1
13	2
2	2
step	119880844	time	0.000164	temperature	773	cpu_time	83.89
5	2
17	1
1	3
2	2
16	2
6	1
2	3
3	2
1	3
4	2
2	1
2	2
1	3
4	1
2	2
110	2
14	2
1	1
1	1
step	120028220	time	0.000166004	temperature	773	cpu_time	84.142
5	2
17	1
1	3
2	2
6	1
2	3
3	2
1	3
4	2
2	1
2	2
1	3
4	1
2	2
110	2
14	2
17	2
step	122061541	time	0.000168	temperature	773	cpu_time	87.348
5	2
17	1
1	3
2	2
6	1
2	3
3	2
1	3
4	2
2	1
2	2
1	3
4	1
14	2
1	1
1	1
3	2
111	2
step	124548743	time	0.000171181	temperature	773	cpu_time	90.915
5	2
17	1
1	3
2	2
6	1
2	3
3	2
1	3
4	2
2	2
4	1
14	2
3	2
111	2
3	1
19	3
step	124549752	time	0.000177301	temperature	773	cpu_time	90.92
5	2
17	1
1	3
2	2
6	1
2	3
3	2
1	3
4	2
2	2
4	1
14	2
3	2
111	2
3	1
19	3
1	1
1	1
1	1
step	124549753	time	0.000177301	temperature	773	cpu_time	90.922
5	2
17	1
1	3
2	2
6	1
2	3
3	2
1	3
4	2
2	2
4	1
14	2
3	2
111	2
3	1
19	3
1	1
1	1
1	1
step	124549754	time	0.000177301	temperature	773	cpu_time	90.925
5	2
17	1
1	3
2	2
6	1
2	3
3	2
1	3
4	2
2	2
4	1
14	2
3	2
111	2
3	1
19	3
1	1
1	1
1	1
step	126345502	time	0.000178	temperature	773	cpu_time	93.846
5	2
17	1
1	3
2	2
6	1
2	3
4	2
2	2
4	1
14	2
3	1
20	3
1	1
2	3
1	2
4	2
4	2
112	2
2	1
step	126388652	time	0.00018	temperature	773	cpu_time	93.918
5	2
17	1
1	3
2	2
6	1
2	3
4	2
2	2
4	1
14	2
3	1
20	3
2	3
1	2
4	2
4	2
112	2
2	1
1	1
step	126427877	time	0.000182009	temperature	773	cpu_time	93.978
5	2
17	1
1	3
2	2
6	1
2	3
4	2
2	2
4	1
14	2
3	1
20	3
2	3
1	2
4	2
4	2
2	1
113	3
step	126428694	time	0.000184001	temperature	773	cpu_time	93.983
5	2
17	1
1	3
2	2
6	1
2	3
4	2
2	2
4	1
14	2
3	1
20	3
2	3
1	2
4	2
4	2
2	1
113	3
step	126429482	time	0.000186	temperature	773	cpu_time	93.987
5	2
17	1
1	3
2	2
6	1
2	3
4	2
2	2
4	1
14	2
3	1
20	3
2	3
1	2
4	2
4	2
2	1
113	3
step	126430306	time	0.000188001	temperature	773	cpu_time	93.991
5	2
17	1
1	3
2	2
6	1
2	3
4	2
2	2
4	1
14	2
3	1
20	3
2	3
1	2
4	2
4	2
2	1
113	3
step	127585465	time	0.00019	temperature	773	cpu_time	95.854
5	2
17	1
1	3
2	2
6	1
4	2
2	2
4	1
20	3
2	3
1	2
4	2
2	1
113	3
1	1
1	1
3	2
4	3
1	1
17	2
1	1
1	1
1	1
1	2
step	128486480	time	0.000192	temperature	773	cpu_time	97.28
5	2
17	1
1	3
2	2
6	1
4	2
2	2
4	1
20	3
2	3
1	2
4	2
2	1
3	2
4	3
1	2
1	1
18	2
114	3
2	1
step	129684993	time	0.000194001	temperature	773	cpu_time	99.437
5	2
17	1
1	3
2	2
6	1
4	2
2	2
4	1
20	3
2	3
1	2
4	2
2	1
3	2
4	3
1	2
18	2
114	3
1	2
2	1
3	1
step	129686578	time	0.000196004	temperature	773	cpu_time	99.442
5	2
17	1
1	3
2	2
6	1
4	2
2	2
4	1
20	3
2	3
1	2
4	2
2	1
3	2
4	3
1	2
18	2
114	3
1	2
2	1
3	1
step	130372103	time	0.000198	temperature	773	cpu_time	100.678
5	2
17	1
1	3
2	2
6	1
4	2
2	2
4	1
2	3
1	2
4	2
2	1
3	2
4	3
1	2
18	2
114	3
1	2
2	1
3	1
1	1
1	1
1	1
21	3
step	131887118	time	0.0002	temperature	773	cpu_time	103.166
17	1
2	2
6	1
4	2
2	2
4	1
2	3
1	2
4	2
2	1
3	2
4	3
1	2
18	2
114	3
1	2
2	1
3	1
5	3
23	1
step	131888670	time	0.000202001	temperature	773	cpu_time	103.172
17	1
2	2
6	1
4	2
2	2
4	1
2	3
1	2
4	2
2	1
3	2
4	3
1	2
18	2
114	3
1	2
2	1
3	1
5	3
23	1
step	131890173	time	0.000204	temperature	773	cpu_time	103.177
17	1
2	2
6	1
4	2
2	2
4	1
2	3
1	2
4	2
2	1
3	2
4	3
1	2
18	2
114	3
1	2
2	1
3	1
5	3
23	1
step	131891802	time	0.000206002	temperature	773	cpu_time	103.183
17	1
2	2
6	1
4	2
2	2
4	1
2	3
1	2
4	2
2	1
3	2
4	3
1	2
18	2
114	3
1	2
2	1
3	1
5	3
23	1
step	131893468	time	0.000208003	temperature	773	cpu_time	103.189
17	1
2	2
6	1
4	2
2	2
4	1
2	3
1	2
4	2
2	1
3	2
4	3
1	2
18	2
114	3
1	2
2	1
3	1
5	3
23	1
step	132559819	time	0.00021	temperature	773	cpu_time	104.402
17	1
2	2
6	1
4	2
2	2
4	1
2	3
1	2
4	2
2	1
3	2
4	3
1	2
18	2
1	2
2	1
3	1
5	3
23	1
1	1
116	3
step	132674396	time	0.000212001	temperature	773	cpu_time	104.602
17	1
2	2
6	1
4	2
2	2
4	1
2	3
1	2
4	2
2	1
3	2
4	3
18	2
1	2
2	1
3	1
5	3
23	1
116	3
1	3
step	132676054	time	0.000214001	temperature	773	cpu_time	104.607
17	1
2	2
6	1
4	2
2	2
4	1
2	3
1	2
4	2
2	1
3	2
4	3
18	2
1	2
2	1
3	1
5	3
23	1
116	3
1	3
step	132677664	time	0.000216002	temperature	773	cpu_time	104.612
17	1
2	2
6	1
4	2
2	2
4	1
2	3
1	2
4	2
2	1
3	2
4	3
18	2
1	2
2	1
3	1
5	3
23	1
116	3
1	3
step	132679209	time	0.000218001	temperature	773	cpu_time	104.618
17	1
2	2
6	1
4	2
2	2
4	1
2	3
1	2
4	2
2	1
3	2
4	3
18	2
1	2
2	1
3	1
5	3
23	1
116	3
1	3
step	132680856	time	0.00022	temperature	773	cpu_time	104.623
17	1
2	2
6	1
4	2
2	2
4	1
2	3
1	2
4	2
2	1
3	2
4	3
18	2
1	2
2	1
3	1
5	3
23	1
116	3
1	3
step	132682441	time	0.000222003	temperature	773	cpu_time	104.629
17	1
2	2
6	1
4	2
2	2
4	1
2	3
1	2
4	2
2	1
3	2
4	3
18	2
1	2
2	1
3	1
5	3
23	1
116	3
1	3
step	132955814	time	0.000224	temperature	773	cpu_time	105.108
17	1
6	1
4	2
2	2
4	1
2	3
1	2
4	2
2	1
3	2
4	3
18	2
1	2
2	1
3	1
5	3
23	1
116	3
1	3
1	1
1	1
4	2
step	133131661	time	0.000226005	temperature	773	cpu_time	105.42
17	1
6	1
4	2
2	2
4	1
2	3
1	2
4	2
2	1
3	2
4	3
18	2
1	2
2	1
3	1
5	3
116	3
1	3
4	2
24	1
step	133133330	time	0.000228001	temperature	773	cpu_time	105.424
17	1
6	1
4	2
2	2
4	1
2	3
1	2
4	2
2	1
3	2
4	3
18	2
1	2
2	1
3	1
5	3
116	3
1	3
4	2
24	1
step	133511433	time	0.00023	temperature	773	cpu_time	106.178
17	1
6	1
4	2
2	2
4	1
2	3
1	2
4	2
2	1
3	2
4	3
18	2
1	2
2	1
3	1
5	3
116	3
1	3
4	2
24	1
1	1
1	1
step	134399975	time	0.000232	temperature	773	cpu_time	107.772
17	1
6	1
4	2
4	1
2	3
1	2
2	1
4	3
18	2
1	2
2	1
3	1
5	3
116	3
1	3
24	1
1	1
1	1
4	3
3	3
2	3
2	2
4	3
