step	0	time	0	temperature	773	cpu_time	0.43
step	1897943	time	6.00163	temperature	773	cpu_time	5.13
1	3
1	4
1	7
1	2
1	4
1	2
3	17
1	3
1	4
1	1
1	2
step	2544859	time	12.0032	temperature	773	cpu_time	11.06
1	4
1	1
1	4
3	11
1	2
1	1
5	21
1	4
1	3
1	3
1	1
1	1
1	4
1	2
3	14
1	3
1	2
1	3
1	4
1	10
step	3098709	time	18.0001	temperature	773	cpu_time	18.91
1	2
1	2
1	4
1	4
1	2
1	4
1	8
1	3
1	1
1	4
2	14
1	9
1	4
1	3
1	1
1	2
1	4
8	28
1	4
1	10
1	4
5	19
1	2
1	8
step	3558206	time	24.0019	temperature	773	cpu_time	26.76
1	4
1	4
1	4
1	1
1	3
1	4
1	1
1	4
1	8
1	4
5	22
1	1
1	7
1	1
1	8
1	2
1	4
1	4
1	9
5	18
1	8
1	3
1	4
1	2
3	11
1	2
9	33
1	4
4	15
1	6
step	3901296	time	30	temperature	773	cpu_time	32.07
1	2
1	4
1	2
1	4
1	1
1	2
1	4
1	4
9	28
1	4
1	3
3	12
1	4
4	18
1	3
1	4
1	3
1	4
1	1
3	13
1	9
3	12
5	19
2	14
1	3
1	4
1	3
1	9
1	1
14	44
1	1
1	8
1	4
step	4272468	time	36.0002	temperature	773	cpu_time	38.2
1	4
4	18
2	14
1	8
2	9
1	1
1	6
1	2
1	1
1	1
1	4
1	4
3	12
1	9
1	3
1	7
1	1
3	15
10	35
6	21
1	4
1	9
2	6
1	1
16	51
1	9
4	16
1	1
1	4
1	4
1	1
6	25
step	4719211	time	42.0011	temperature	773	cpu_time	45.84
1	1
1	4
1	3
1	2
1	3
1	1
1	4
1	4
1	2
2	13
3	15
1	8
2	12
1	2
5	17
5	17
1	2
1	2
1	8
2	11
19	62
1	2
1	10
3	13
6	25
1	8
1	9
1	9
8	28
12	40
6	21
step	4969265	time	48.0002	temperature	773	cpu_time	51.15
1	4
1	2
2	11
2	8
1	4
4	13
1	8
1	1
3	14
1	4
1	1
1	2
1	4
1	8
2	4
9	32
2	2
1	10
1	1
2	2
1	4
6	23
2	2
1	2
1	2
5	19
1	1
1	1
1	1
1	10
3	11
13	44
1	1
10	34
1	2
21	67
5	18
1	2
1	3
3	12
4	16
1	1
step	5276391	time	54.0009	temperature	773	cpu_time	57.97
1	4
1	8
2	2
1	3
1	2
1	4
5	23
4	17
1	1
1	2
1	3
3	12
1	1
1	1
5	22
1	8
2	4
1	9
1	4
1	2
1	4
1	2
1	1
1	3
4	15
4	12
2	7
6	21
3	13
3	9
15	49
1	10
11	38
24	76
3	12
3	12
1	4
10	34
step	5535851	time	60.0008	temperature	773	cpu_time	63.04
1	3
1	2
1	8
2	7
3	12
2	9
1	3
3	4
1	4
5	13
1	4
1	2
5	17
1	1
4	14
1	4
1	4
1	4
11	39
4	15
1	10
1	1
1	2
1	4
3	11
8	29
25	78
1	4
11	39
4	17
6	25
16	51
1	1
7	23
3	14
1	10
step	5846869	time	66.0001	temperature	773	cpu_time	69.06
3	4
1	4
2	11
1	8
1	2
2	4
1	2
2	2
1	1
1	8
1	1
2	14
4	14
1	7
1	8
3	16
4	14
1	4
1	4
9	31
14	46
1	3
5	15
1	1
8	28
1	1
8	28
5	17
1	1
3	15
1	1
1	3
3	10
13	45
1	4
5	21
2	5
1	2
16	54
26	81
step	6083007	time	72.0001	temperature	773	cpu_time	73.96
1	1
1	3
1	4
1	4
3	14
1	4
1	7
1	8
5	19
4	18
1	2
8	28
1	1
1	4
1	1
6	23
1	3
3	12
4	15
5	17
1	2
9	33
1	8
18	59
1	3
1	1
6	20
1	4
1	1
1	4
1	1
4	17
27	84
1	8
16	49
14	47
1	1
1	4
1	10
3	12
10	34
step	6392706	time	78.0018	temperature	773	cpu_time	80.51
1	3
1	2
1	4
2	4
1	2
3	12
1	9
3	11
1	1
5	19
3	15
3	14
1	2
6	23
8	29
1	1
15	51
11	36
1	1
10	35
1	8
17	56
2	7
5	21
1	1
30	91
1	4
1	2
4	18
1	1
6	25
1	1
2	6
20	64
1	9
1	2
4	7
4	19
1	2
1	1
1	9
5	18
step	6556333	time	84.003	temperature	773	cpu_time	83.96
2	7
1	2
1	1
1	10
1	4
1	2
6	24
1	4
4	19
3	18
1	9
1	1
2	12
2	7
18	56
6	26
1	1
1	4
1	2
11	39
5	22
1	9
18	58
3	11
1	4
1	3
11	37
7	26
2	9
6	20
21	66
2	14
2	9
1	4
31	95
5	15
11	31
1	3
step	6762940	time	90.0022	temperature	773	cpu_time	87.92
4	19
2	12
5	22
1	3
1	1
9	32
18	60
3	9
1	4
6	20
2	13
4	13
1	4
1	2
1	1
5	20
9	30
1	1
32	97
1	7
1	4
9	31
1	1
1	8
12	41
3	18
1	8
1	9
7	26
1	9
1	8
18	59
4	19
13	41
22	70
1	8
step	7017020	time	96.0006	temperature	773	cpu_time	92.85
2	12
1	4
1	7
1	4
2	8
1	2
1	2
1	8
1	2
4	13
1	1
4	19
1	8
5	19
2	9
9	32
6	20
1	1
6	20
1	3
1	4
6	21
5	22
1	9
2	14
33	101
5	17
2	4
10	35
1	1
1	1
8	29
13	43
9	31
14	46
19	61
1	9
20	62
23	74
1	1
step	7377939	time	102.003	temperature	773	cpu_time	100.3
1	2
5	19
1	8
1	1
1	1
6	20
1	3
1	2
1	7
1	4
1	1
3	15
1	1
2	12
13	44
1	1
6	24
11	35
6	20
12	40
1	1
1	8
1	1
2	8
1	9
11	37
1	4
1	9
1	9
4	15
35	106
16	52
26	80
5	19
1	1
5	19
1	4
19	62
21	67
11	39
5	22
step	7828264	time	108.001	temperature	773	cpu_time	108.92
2	12
1	2
1	1
4	15
1	4
5	19
1	1
1	8
6	22
1	2
1	8
6	26
6	22
27	85
5	19
3	16
1	1
1	1
2	9
1	9
1	2
6	20
18	58
1	9
1	3
11	38
1	1
15	49
12	42
12	41
8	27
22	70
12	41
1	4
1	8
21	67
37	110
1	9
1	4
step	7989777	time	114.001	temperature	773	cpu_time	112.28
1	2
6	20
1	3
1	1
1	4
4	19
1	3
1	1
1	1
1	1
1	9
1	9
1	2
1	8
14	46
6	27
1	9
1	1
5	19
2	14
5	20
6	23
1	1
1	9
6	23
29	89
15	51
13	42
1	1
3	10
12	41
37	111
22	70
1	10
4	19
1	4
1	3
23	72
12	42
18	59
8	28
step	8198182	time	120.001	temperature	773	cpu_time	116.7
1	3
1	1
1	1
5	20
1	1
1	1
6	20
1	3
5	21
22	71
1	2
8	28
7	24
12	42
1	8
5	23
1	1
1	8
25	79
1	4
1	8
2	4
1	8
38	114
1	4
5	21
2	8
1	1
5	21
1	1
1	1
14	42
1	9
4	12
1	2
13	43
30	92
1	1
1	9
14	47
25	79
6	15
19	61
step	8383606	time	126	temperature	773	cpu_time	120.6
1	8
2	8
4	12
1	1
1	3
6	24
1	2
6	22
1	9
1	1
1	1
26	81
1	8
1	1
13	44
32	97
1	1
2	4
6	23
14	48
3	15
23	73
6	27
8	29
13	44
2	11
27	83
1	9
13	43
5	22
5	22
39	115
2	11
1	3
9	32
21	67
1	1
step	8554505	time	132.002	temperature	773	cpu_time	124.2
1	8
1	1
1	1
1	2
1	1
1	1
1	1
5	23
2	9
6	23
1	2
4	15
5	23
23	69
2	13
1	1
1	4
1	2
1	1
9	33
6	25
2	8
2	8
2	13
3	11
26	81
1	4
15	50
10	34
1	1
15	48
8	27
24	76
1	4
40	118
14	46
13	45
6	26
29	90
33	97
1	9
step	8900281	time	138.004	temperature	773	cpu_time	131.22
1	2
1	4
1	3
1	3
1	2
3	10
3	13
1	8
1	1
6	23
3	11
6	26
1	1
1	1
2	13
1	2
1	2
6	26
14	48
6	24
27	85
8	27
33	100
1	1
1	8
41	121
15	49
30	91
5	19
10	34
4	15
10	35
22	71
9	30
27	84
17	55
2	12
15	51
2	1
step	9138111	time	144.005	temperature	773	cpu_time	135.55
1	2
1	1
1	1
1	2
1	8
1	1
3	12
4	13
3	11
1	3
16	53
6	26
1	4
4	19
1	8
2	13
9	32
4	15
28	86
11	37
14	48
6	24
15	51
1	1
42	124
30	92
11	39
1	2
17	56
9	31
29	88
8	29
12	35
35	104
1	11
25	77
step	9395633	time	150.005	temperature	773	cpu_time	139.72
1	3
1	4
4	14
3	14
1	8
2	12
3	11
1	1
2	11
1	1
1	1
1	4
16	53
15	49
6	26
17	56
31	94
11	37
9	30
17	56
26	80
9	33
32	97
11	39
30	92
6	20
37	109
4	15
1	1
8	27
12	40
43	126
1	1
1	10
9	32
step	9597644	time	156.003	temperature	773	cpu_time	143.3
2	12
1	1
1	4
1	1
2	12
1	1
3	16
2	12
1	4
1	1
12	40
1	8
33	99
2	12
3	15
31	94
9	27
17	56
10	35
6	20
38	112
15	51
19	61
11	39
5	21
1	1
1	2
10	36
32	96
27	83
9	33
8	28
43	126
18	57
12	42
step	10846109	time	162.002	temperature	773	cpu_time	164.5
3	16
1	8
1	2
5	21
1	1
1	1
1	1
1	2
6	21
1	1
3	13
12	40
43	126
3	12
32	97
13	43
20	64
4	14
5	17
18	60
40	119
11	37
1	4
17	55
3	14
11	35
13	42
1	1
29	89
8	27
1	4
8	29
17	57
33	100
32	97
13	44
step	11037717	time	168.002	temperature	773	cpu_time	168.17
1	2
1	1
1	1
1	2
1	1
3	13
4	14
1	4
5	22
1	8
17	55
4	18
3	15
10	35
1	1
19	62
1	1
3	12
1	3
33	101
11	39
14	44
5	22
34	103
1	1
18	59
21	66
41	121
10	34
44	128
12	42
30	91
44	128
14	46
14	46
1	1
2	16
step	11278914	time	174.002	temperature	773	cpu_time	172.37
1	1
1	4
1	1
6	25
3	17
21	66
14	47
21	63
11	38
5	23
45	131
1	1
13	44
35	104
15	49
3	12
42	124
31	95
11	39
35	104
13	43
3	10
45	129
4	16
5	18
14	47
18	59
5	14
1	3
21	67
3	13
step	11471072	time	180.002	temperature	773	cpu_time	175.57
1	1
5	18
2	13
6	25
1	4
1	1
1	2
14	48
1	4
1	1
1	9
3	17
1	1
8	24
4	18
3	15
13	45
35	105
43	126
11	39
15	49
1	1
1	2
2	14
45	131
20	59
22	69
16	49
13	44
47	136
33	100
13	45
20	65
22	70
35	106
step	11635825	time	186.002	temperature	773	cpu_time	178.21
1	3
1	3
6	26
1	1
4	17
1	1
5	19
12	39
14	45
33	101
1	8
6	26
3	14
44	129
1	8
48	138
1	1
23	73
1	4
15	49
18	59
15	50
16	51
5	20
45	132
35	106
14	47
21	65
36	108
16	53
3	16
3	14
23	73
step	11910398	time	192.001	temperature	773	cpu_time	182.57
1	1
1	2
20	65
1	2
4	16
6	21
4	15
4	18
3	14
1	8
6	22
16	53
15	50
1	4
37	109
15	51
14	48
14	48
35	105
50	140
15	51
1	9
36	108
1	3
9	29
48	138
40	117
19	61
8	27
24	76
45	132
step	12246672	time	198.006	temperature	773	cpu_time	187.59
1	8
1	1
16	52
5	22
17	55
1	8
1	1
21	66
3	16
2	2
5	16
9	32
37	111
6	23
16	53
14	48
3	18
16	53
2	14
17	54
36	108
44	127
8	29
39	115
19	62
48	138
25	78
50	141
51	141
step	12542116	time	204.001	temperature	773	cpu_time	191.7
5	16
1	1
6	23
5	22
1	1
16	54
17	56
1	8
1	8
1	1
22	70
26	80
2	3
5	18
17	56
9	33
18	56
20	63
17	56
4	15
44	129
40	118
16	51
37	111
9	33
49	141
49	140
4	18
51	144
1	2
37	108
step	12765034	time	210.002	temperature	773	cpu_time	195.36
1	1
1	2
1	8
1	1
2	3
1	2
3	17
6	23
4	15
3	18
17	57
6	25
10	35
1	3
18	58
18	58
18	60
16	54
1	8
52	148
38	114
10	34
46	132
4	19
51	144
43	124
23	72
49	142
39	112
1	1
20	63
17	53
26	82
step	13056681	time	216.004	temperature	773	cpu_time	199.96
4	15
1	2
1	1
1	1
3	3
21	66
7	26
18	58
1	8
1	8
51	145
5	18
10	36
8	27
19	62
38	114
17	56
26	82
19	62
53	150
10	34
5	21
23	74
17	57
48	139
40	118
45	130
53	152
20	62
5	18
step	13545753	time	222	temperature	773	cpu_time	206.76
6	26
1	8
1	9
1	3
6	24
21	67
54	153
3	17
5	18
20	63
20	64
18	58
5	20
11	39
19	61
52	148
20	64
50	144
45	132
20	63
27	83
25	77
41	120
56	158
42	122
8	29
11	38
step	14044401	time	228.001	temperature	773	cpu_time	213.5
3	18
1	8
3	18
1	8
22	67
1	1
7	24
19	62
56	158
47	136
12	40
21	68
44	127
27	85
23	72
8	28
26	82
20	63
21	67
44	127
57	160
51	147
53	152
19	61
29	88
step	14360327	time	234.001	temperature	773	cpu_time	218.02
5	19
1	1
27	85
5	19
21	67
28	86
22	71
20	64
22	70
1	8
55	155
12	40
45	131
48	138
1	8
23	72
57	161
22	70
53	150
45	131
20	64
58	162
7	26
1	1
30	88
10	29
step	14588311	time	240.002	temperature	773	cpu_time	221.08
1	8
1	1
6	26
5	19
1	1
1	8
5	19
12	41
56	159
21	67
53	152
23	72
58	162
29	90
29	88
59	165
22	71
47	136
45	132
9	31
28	87
23	72
23	72
23	73
21	67
48	138
step	14890914	time	246.002	temperature	773	cpu_time	225.15
1	8
5	19
6	20
1	8
1	1
23	72
8	27
12	42
10	33
22	71
47	133
29	90
25	77
48	138
24	76
61	170
60	167
49	142
21	68
30	91
58	163
53	152
23	74
23	73
29	89
step	15274826	time	252.001	temperature	773	cpu_time	230.21
1	1
1	8
10	36
1	1
8	29
25	77
50	144
24	75
29	90
50	144
22	70
30	91
23	72
63	174
59	165
26	77
5	22
12	42
30	93
1	9
60	168
55	155
1	1
48	138
23	73
26	80
6	21
step	15543841	time	258.001	temperature	773	cpu_time	233.68
1	1
6	22
1	2
6	21
59	166
50	144
12	38
23	74
25	79
23	73
1	8
30	93
57	161
25	79
51	145
31	94
52	148
9	30
13	44
23	73
26	81
66	183
30	91
25	78
63	174
step	15914566	time	264.005	temperature	773	cpu_time	238.2
1	9
53	151
1	1
1	2
26	80
9	30
60	167
25	79
14	46
59	166
68	188
51	146
64	178
24	76
13	43
26	80
51	145
32	96
32	96
26	82
32	97
23	73
24	75
6	22
6	24
step	16497645	time	270.001	temperature	773	cpu_time	245.43
5	22
25	78
70	191
34	101
27	84
25	77
1	8
52	149
24	75
66	182
26	82
51	147
17	50
57	160
27	83
61	171
60	167
9	33
32	98
33	100
27	83
6	24
14	44
step	16938566	time	276.002	temperature	773	cpu_time	250.93
33	100
1	2
28	86
6	25
26	82
34	103
27	84
26	80
72	197
54	154
15	51
25	79
5	23
67	184
2	8
58	162
33	101
14	46
63	174
12	37
29	88
53	151
26	82
62	173
step	17243612	time	282.001	temperature	773	cpu_time	254.88
1	2
7	25
28	86
26	81
17	56
1	8
33	101
35	104
35	102
55	154
65	180
27	85
11	38
27	85
29	89
59	165
53	152
14	48
63	176
75	204
69	190
28	86
35	105
step	17482873	time	288.002	temperature	773	cpu_time	257.93
1	1
6	26
1	10
1	1
12	39
1	2
29	90
28	86
70	191
1	1
36	107
35	106
77	208
29	89
14	48
35	106
27	85
55	156
28	86
18	60
29	90
64	178
34	102
60	169
66	183
55	153
step	18000813	time	294.003	temperature	773	cpu_time	263.94
1	1
1	10
30	92
13	44
37	110
35	105
15	49
29	89
54	154
36	108
66	182
30	91
29	88
62	173
37	109
9	30
77	208
68	186
56	158
1	1
73	199
19	62
32	96
29	88
step	18365562	time	300.006	temperature	773	cpu_time	268.21
1	1
1	1
57	161
31	94
30	90
66	182
20	64
30	92
32	97
31	95
9	32
13	44
63	175
78	211
70	191
37	111
37	111
3	12
75	203
15	51
36	108
37	111
32	98
56	155
step	18743496	time	306.001	temperature	773	cpu_time	273.06
1	1
1	2
9	33
1	1
1	1
1	1
1	1
4	13
1	2
63	176
20	65
56	158
78	211
31	95
31	95
38	113
16	53
38	112
32	98
30	91
14	46
66	183
79	214
73	199
38	113
75	204
32	97
58	164
step	19233856	time	312.001	temperature	773	cpu_time	279.02
1	1
1	1
31	94
59	166
17	55
33	100
1	1
68	186
39	115
2	14
80	215
15	46
10	35
39	116
31	95
74	202
33	100
23	73
58	164
38	113
66	182
82	219
33	101
78	208
step	19553590	time	318.002	temperature	773	cpu_time	283
1	1
1	1
4	14
59	165
32	96
67	184
10	35
40	118
31	95
76	205
60	167
34	100
40	119
82	220
33	101
35	106
14	47
79	212
68	188
23	74
82	220
18	60
40	118
1	4
step	19797813	time	324.005	temperature	773	cpu_time	286
1	1
1	1
1	1
10	35
32	97
41	120
41	121
42	123
84	224
34	102
80	216
77	208
37	109
32	97
24	76
14	48
83	223
34	102
4	15
68	185
60	169
20	64
71	192
60	166
step	20105388	time	330.005	temperature	773	cpu_time	289.57
3	15
21	66
15	51
38	113
79	212
71	194
81	218
1	1
10	35
41	121
43	125
26	80
34	103
63	174
33	100
33	99
84	225
61	170
41	121
68	187
35	105
85	228
step	20484671	time	336.001	temperature	773	cpu_time	294.11
11	37
35	104
72	196
3	15
80	216
22	70
39	115
83	223
62	173
42	124
42	123
66	182
37	109
26	82
44	127
34	102
35	105
69	190
86	230
17	54
87	229
step	20819338	time	342.005	temperature	773	cpu_time	297.99
40	117
37	110
23	72
17	55
36	107
27	85
34	103
68	187
36	108
74	201
104	271
64	178
83	223
43	125
2	16
44	129
88	234
71	194
84	225
44	127
step	21203478	time	348.001	temperature	773	cpu_time	302.24
4	17
34	103
40	118
93	245
44	127
85	227
27	85
36	108
44	129
38	114
65	181
17	56
38	110
72	196
105	273
45	130
24	74
75	201
85	226
70	193
step	21533597	time	354.011	temperature	773	cpu_time	306.09
1	1
40	115
66	183
74	201
87	231
72	195
1	2
88	233
27	85
37	109
17	57
3	18
1	1
25	78
44	129
74	201
37	111
35	104
107	277
45	132
40	119
46	132
95	248
step	21770998	time	360	temperature	773	cpu_time	308.5
17	57
29	86
26	80
4	19
108	279
37	111
47	136
40	119
75	202
35	105
89	236
74	201
37	111
67	185
46	133
74	202
88	235
46	134
41	121
96	252
step	22207323	time	366.007	temperature	773	cpu_time	313.29
5	19
99	258
39	115
18	58
76	205
36	107
1	2
91	241
76	206
47	137
109	282
42	122
91	240
28	87
75	204
42	124
27	82
48	137
68	188
46	133
38	112
step	22554461	time	372.01	temperature	773	cpu_time	316.97
42	122
69	190
38	113
5	21
27	83
36	107
19	61
48	138
40	118
94	244
47	137
44	128
111	285
92	243
48	139
100	261
78	210
80	208
30	89
77	209
step	22868338	time	378.001	temperature	773	cpu_time	320.47
41	121
1	1
45	130
78	210
43	125
20	65
94	247
92	244
49	141
111	286
6	21
49	142
28	86
81	217
30	91
37	109
79	212
39	116
101	264
50	144
70	191
step	23141444	time	384.005	temperature	773	cpu_time	323.76
1	2
1	1
1	1
1	2
71	194
1	1
80	216
6	22
43	126
94	248
29	89
23	72
38	112
51	147
42	122
30	91
46	134
50	143
39	116
113	291
79	214
81	218
50	143
102	266
96	249
step	23504759	time	390.002	temperature	773	cpu_time	327.95
1	1
96	251
43	126
82	221
51	147
38	113
5	22
29	90
30	92
42	123
23	74
40	119
81	218
72	197
104	271
116	298
50	144
52	148
48	138
95	249
82	220
step	23928588	time	396.002	temperature	773	cpu_time	332.82
1	1
6	22
1	1
52	149
53	150
82	221
106	275
95	251
41	121
96	252
25	77
29	90
32	96
44	127
119	304
39	114
83	222
48	139
73	200
43	126
83	222
53	148
step	24309528	time	402.003	temperature	773	cpu_time	336.82
32	97
74	201
97	254
55	155
49	140
31	95
83	223
1	1
25	78
107	278
98	256
121	307
53	150
38	114
44	128
53	152
82	221
42	122
7	26
44	128
85	227
step	24742162	time	408.002	temperature	773	cpu_time	341.32
1	1
6	26
49	140
54	154
1	1
86	230
110	284
56	157
33	100
44	128
39	116
43	125
32	97
25	79
99	258
99	258
85	226
122	311
76	205
54	153
83	222
45	130
step	25121741	time	414	temperature	773	cpu_time	345.73
44	127
8	27
26	80
54	154
1	2
49	141
56	157
83	222
77	208
56	159
34	103
1	1
44	128
88	235
86	230
33	99
100	261
100	262
40	117
111	287
46	134
124	314
step	25339066	time	420	temperature	773	cpu_time	348.21
55	155
57	161
100	262
112	288
78	210
45	131
126	318
26	80
45	128
56	158
89	237
89	236
101	263
47	135
85	226
40	118
50	143
9	32
34	102
34	103
step	25803013	time	426.007	temperature	773	cpu_time	353.21
126	320
46	133
10	34
91	240
102	265
51	147
28	83
57	161
102	265
91	240
115	295
59	165
45	130
78	211
43	124
56	159
35	105
35	104
47	135
87	231
step	26247918	time	432.003	temperature	773	cpu_time	357.73
103	269
35	105
116	297
57	160
128	323
43	125
47	137
36	107
92	244
46	134
48	138
91	241
11	37
28	87
58	163
61	168
104	269
53	149
88	233
80	214
step	26573999	time	438.001	temperature	773	cpu_time	361.32
1	1
12	40
37	109
88	233
35	106
51	146
47	135
48	138
63	174
93	245
45	131
52	149
29	89
105	272
106	275
81	217
59	166
58	162
117	299
93	244
130	326
step	26923916	time	444.007	temperature	773	cpu_time	364.88
36	108
12	42
1	1
52	149
118	302
46	133
54	154
58	162
37	110
63	176
107	276
130	327
29	90
94	247
49	138
82	219
88	234
60	169
48	139
107	275
95	249
step	27242730	time	450	temperature	773	cpu_time	368.35
55	155
49	142
15	47
64	177
107	277
83	223
61	168
89	237
30	92
37	110
47	134
61	171
49	141
53	150
96	252
107	278
95	251
121	308
132	331
38	113
step	27681343	time	456.001	temperature	773	cpu_time	373.13
52	148
96	252
40	117
38	113
65	181
108	278
31	94
51	146
134	336
121	308
54	153
15	49
91	241
61	171
84	224
56	157
62	172
47	136
99	260
107	278
step	28090150	time	462.003	temperature	773	cpu_time	377.48
1	1
1	1
40	119
48	139
108	280
97	254
32	96
85	228
53	149
135	339
93	245
56	158
63	174
109	281
40	117
62	172
100	261
54	154
67	184
51	147
15	49
122	310
step	28354987	time	468.001	temperature	773	cpu_time	380.48
62	173
32	96
53	150
54	154
102	266
40	118
42	122
110	284
49	141
137	343
58	162
63	176
87	232
99	258
93	246
67	185
109	282
124	314
53	151
16	54
step	28730709	time	474.004	temperature	773	cpu_time	384.22
63	175
32	97
124	314
42	123
137	343
17	57
111	285
54	154
41	121
69	190
90	238
55	156
100	261
112	288
54	153
65	179
60	167
104	270
49	141
94	247
step	29048615	time	480.001	temperature	773	cpu_time	387.41
70	192
65	180
56	157
64	176
106	274
50	141
138	346
61	170
102	266
56	158
92	240
95	249
42	124
32	98
112	288
124	315
43	125
17	57
113	291
55	156
step	29318428	time	486.001	temperature	773	cpu_time	390.39
1	1
66	182
92	242
62	173
115	294
95	251
56	159
18	58
65	181
56	159
51	145
33	99
108	280
124	315
103	269
44	127
70	193
141	351
57	159
44	126
115	295
step	29679236	time	492.003	temperature	773	cpu_time	394.26
18	59
63	174
44	129
93	245
58	163
67	185
105	271
67	185
33	101
124	315
71	194
58	162
96	253
141	352
118	302
109	282
51	146
117	299
57	161
45	127
step	29947212	time	498.001	temperature	773	cpu_time	397.12
20	64
1	1
52	148
45	130
58	163
72	197
33	101
44	128
125	316
112	287
117	299
98	257
119	303
106	274
144	359
59	166
68	188
69	190
63	176
95	249
58	164
step	30338705	time	504.002	temperature	773	cpu_time	401.48
21	66
58	164
120	305
35	103
113	291
60	167
60	169
45	130
1	1
71	194
73	198
126	319
120	305
47	135
99	258
106	274
70	191
145	360
64	177
53	152
96	251
step	30710458	time	510.002	temperature	773	cpu_time	405.08
1	1
45	132
120	306
74	201
36	107
114	293
70	192
60	168
53	152
128	323
97	254
59	165
99	259
21	67
120	305
61	171
47	136
148	366
65	179
72	196
109	281
step	31040864	time	516.001	temperature	773	cpu_time	408.54
45	132
111	287
74	202
115	295
36	107
1	1
22	69
65	181
63	175
72	196
122	310
129	326
47	137
121	307
99	258
60	169
149	369
101	263
73	200
60	168
54	154
step	31639070	time	522.004	temperature	773	cpu_time	414.5
73	198
123	313
76	205
99	260
37	111
47	136
61	171
112	289
55	156
75	204
102	265
118	301
62	172
151	374
49	141
121	308
68	186
130	328
22	71
64	178
step	32056971	time	528.001	temperature	773	cpu_time	418.75
23	72
132	332
101	262
78	209
153	378
68	187
76	206
63	174
119	303
63	175
114	293
122	310
124	315
102	266
38	113
65	180
74	201
49	140
56	158
49	142
step	32389699	time	534.003	temperature	773	cpu_time	422.21
57	160
70	191
79	212
38	113
64	178
101	263
124	312
23	74
103	267
116	296
77	208
126	318
156	381
50	144
76	207
65	181
120	306
49	142
64	178
133	335
step	32780005	time	540.002	temperature	773	cpu_time	426.42
79	212
77	209
79	214
50	143
70	193
66	182
117	299
24	76
102	265
65	179
155	382
39	115
104	270
51	147
121	307
57	161
65	181
127	322
125	316
135	338
step	32985663	time	546.004	temperature	773	cpu_time	428.5
156	384
71	195
24	76
129	325
40	117
77	209
80	215
117	299
57	161
67	184
79	214
51	147
65	180
126	319
66	183
106	274
103	268
136	341
122	310
51	147
step	33323195	time	552.004	temperature	773	cpu_time	431.93
80	216
105	273
65	181
123	312
52	148
24	76
52	149
130	327
73	199
58	163
158	388
139	344
82	221
41	120
128	323
67	184
107	276
67	185
77	209
117	300
step	33600216	time	558.003	temperature	773	cpu_time	435.02
1	1
1	1
1	1
77	209
1	1
1	1
107	277
58	163
68	187
73	200
65	181
68	186
81	218
54	153
132	332
26	80
160	391
42	123
118	302
138	346
83	223
123	313
130	328
54	151
106	273
step	34046023	time	564.003	temperature	773	cpu_time	439.81
55	156
133	334
66	183
76	205
82	221
139	348
29	86
122	309
107	276
84	225
131	330
78	210
124	315
69	190
162	396
69	189
59	166
54	152
110	284
42	123
step	34344334	time	570.007	temperature	773	cpu_time	442.99
76	207
67	185
124	315
71	194
56	158
78	210
164	400
135	338
132	332
43	126
108	279
29	90
86	230
111	286
85	225
54	154
122	311
71	193
60	166
142	352
step	34687485	time	576	temperature	773	cpu_time	446.38
56	159
143	356
124	315
72	196
87	232
137	342
31	94
78	210
81	215
126	318
112	289
165	402
70	193
60	167
44	128
133	335
55	156
111	285
85	226
68	187
step	35034284	time	582.001	temperature	773	cpu_time	449.79
44	129
72	196
88	234
68	188
127	321
112	286
80	216
72	197
81	217
138	344
115	292
135	338
166	405
61	171
126	319
55	156
144	358
86	227
57	161
33	96
step	35454533	time	588.005	temperature	773	cpu_time	454.24
1	1
86	229
56	159
145	360
115	294
82	220
137	342
45	130
62	172
58	162
170	413
112	288
80	216
140	349
127	322
73	199
33	100
89	237
72	197
127	321
70	191
step	35822136	time	594.002	temperature	773	cpu_time	458.05
1	1
34	102
74	201
58	163
82	220
143	355
129	324
83	222
172	417
63	174
45	131
147	365
73	200
70	192
138	344
86	230
57	160
127	322
116	296
91	238
113	289
step	36113783	time	600.001	temperature	773	cpu_time	461.03
70	193
129	325
130	327
63	175
76	205
45	132
148	367
92	242
172	418
118	301
59	165
144	358
34	102
114	293
139	348
83	223
75	203
58	164
82	220
88	233
step	36452302	time	606.003	temperature	773	cpu_time	464.67
115	295
130	327
89	236
35	103
140	350
120	305
84	224
72	196
59	165
76	207
77	208
151	372
145	360
173	420
63	176
92	243
61	170
47	135
84	224
131	330
step	36872139	time	612.004	temperature	773	cpu_time	468.58
77	209
47	136
35	105
60	167
147	364
64	177
85	227
89	236
85	226
142	354
63	176
121	309
133	335
78	211
93	245
131	330
176	425
73	197
151	374
116	298
step	37230462	time	618.002	temperature	773	cpu_time	472.04
64	177
117	300
60	169
65	179
143	356
90	238
178	430
87	231
133	335
148	366
87	229
154	380
94	248
37	109
47	137
122	310
80	215
134	337
78	211
73	199
step	37570215	time	624	temperature	773	cpu_time	475.52
67	184
48	138
95	249
37	111
158	387
90	238
61	170
119	303
180	434
134	336
88	234
123	312
149	368
79	212
80	216
135	339
74	201
86	230
65	180
144	359
step	37953204	time	630	temperature	773	cpu_time	479.16
48	139
68	186
75	204
62	172
91	241
88	233
95	250
81	218
137	342
38	113
124	314
159	389
88	235
146	362
79	214
149	369
182	438
65	181
135	338
119	305
step	38303707	time	636.002	temperature	773	cpu_time	482.69
1	1
92	243
137	343
89	237
49	142
62	173
96	252
66	182
183	440
160	392
124	315
39	115
75	204
69	189
147	365
151	373
82	219
138	346
90	239
120	306
80	215
step	38627794	time	642.006	temperature	773	cpu_time	486.13
1	1
62	173
139	347
183	440
81	218
1	1
76	207
139	347
40	119
121	308
70	192
162	396
91	240
125	316
67	185
51	145
153	378
90	239
83	223
98	255
149	369
92	243
step	39212548	time	648.005	temperature	773	cpu_time	491.61
150	370
42	123
91	240
70	192
93	245
140	350
85	226
125	317
163	398
154	380
78	210
122	311
92	243
64	178
99	258
83	222
184	443
51	146
68	187
139	348
step	39642082	time	654.001	temperature	773	cpu_time	495.9
124	314
88	232
92	243
79	212
163	399
68	188
185	445
83	222
156	383
43	126
71	195
142	354
92	244
99	258
93	246
52	148
126	318
150	370
65	181
140	348
step	40162144	time	660.004	temperature	773	cpu_time	501.23
73	198
44	129
66	182
156	384
52	149
100	261
95	249
84	225
69	190
79	213
141	352
188	450
93	245
167	406
144	357
125	316
94	247
88	233
127	321
151	372
step	40718474	time	666.003	temperature	773	cpu_time	507
94	247
102	266
85	228
53	152
95	251
125	317
70	193
80	215
144	359
89	237
96	250
159	389
168	408
144	355
67	184
153	377
76	205
127	321
45	132
192	457
step	41059368	time	672	temperature	773	cpu_time	510.78
1	1
1	2
1	1
193	460
169	410
68	188
72	197
96	253
92	242
126	320
76	207
103	268
81	217
160	393
95	251
95	250
87	231
53	152
144	358
128	323
46	133
145	361
155	381
step	41409884	time	678.002	temperature	773	cpu_time	514.9
1	1
1	3
92	243
195	464
69	189
96	252
72	197
88	233
97	255
48	134
164	401
156	383
103	269
169	412
54	153
147	364
97	254
129	325
77	209
147	364
83	219
128	322
step	41855226	time	684.001	temperature	773	cpu_time	519.82
1	1
47	136
150	371
128	324
71	194
94	247
84	225
97	255
130	327
195	466
79	213
165	402
148	367
98	256
158	388
73	198
89	236
54	154
171	415
105	273
98	254
step	42092313	time	690.008	temperature	773	cpu_time	522.35
1	1
94	248
1	1
85	225
97	255
172	417
55	156
167	406
149	369
99	260
130	327
159	389
98	256
73	199
198	471
89	236
105	273
131	330
71	195
79	214
151	373
48	138
step	42544024	time	696.001	temperature	773	cpu_time	527.06
1	1
56	157
100	261
83	222
151	374
170	413
152	376
86	229
99	258
131	330
107	276
159	390
89	237
73	197
173	420
200	475
100	261
49	140
132	331
73	200
95	249
step	42821808	time	702.002	temperature	773	cpu_time	529.89
1	2
171	415
85	226
201	477
50	144
75	203
152	376
95	249
100	262
56	159
91	240
73	200
132	331
99	259
132	331
154	380
88	235
101	263
174	422
160	391
107	276
step	43294080	time	708.001	temperature	773	cpu_time	534.52
1	2
74	201
171	415
108	279
75	204
161	395
57	161
202	480
103	267
100	262
134	336
92	244
86	229
132	333
95	250
50	144
154	379
102	265
177	427
90	238
157	386
step	43617151	time	714.004	temperature	773	cpu_time	537.83
1	1
158	387
172	417
101	263
103	268
110	284
161	395
87	231
93	246
59	164
76	206
92	242
179	432
134	337
51	145
96	252
103	268
156	383
76	207
204	483
134	336
step	44058818	time	720.005	temperature	773	cpu_time	542.17
1	1
88	233
52	148
175	423
77	209
78	211
95	249
135	339
111	286
179	432
102	265
103	269
162	396
104	270
93	245
159	389
206	487
59	165
135	339
96	253
157	386
step	44407200	time	726.001	temperature	773	cpu_time	545.53
78	211
112	289
60	167
177	428
105	272
52	149
164	401
79	212
208	491
104	270
181	436
88	235
94	247
136	341
95	251
98	254
159	388
160	393
102	266
136	341
step	44733607	time	732	temperature	773	cpu_time	548.78
106	274
177	428
137	342
52	149
160	392
99	259
97	254
90	238
137	343
103	267
184	442
113	290
166	405
61	168
163	399
94	248
105	273
79	212
209	494
79	213
step	45180700	time	738.005	temperature	773	cpu_time	553.29
1	2
161	395
103	269
186	447
138	345
53	151
98	256
106	274
90	239
81	217
180	434
113	291
107	278
95	251
99	260
63	174
79	213
167	407
140	350
211	497
164	400
step	45505621	time	744.005	temperature	773	cpu_time	556.77
63	175
91	240
212	499
115	294
82	219
188	450
79	214
105	272
169	412
99	258
141	352
100	261
164	400
106	275
182	439
108	280
139	348
96	253
53	152
165	404
step	45862686	time	750	temperature	773	cpu_time	560.22
1	1
107	276
140	349
115	295
105	273
54	154
63	175
168	409
189	452
80	215
213	502
82	220
101	264
141	352
97	255
99	259
183	440
171	415
109	281
92	242
167	405
step	46192392	time	756.003	temperature	773	cpu_time	563.48
107	278
55	155
184	442
64	177
116	297
106	274
141	352
101	263
171	416
84	225
215	505
80	216
1	1
109	281
167	407
93	245
191	456
98	257
103	268
170	410
144	356
step	46613987	time	762.002	temperature	773	cpu_time	567.44
107	276
82	220
85	228
1	1
95	247
145	360
170	414
64	178
56	159
104	270
216	508
142	354
170	414
194	462
108	279
110	283
101	264
117	299
172	417
99	258
185	444
step	46930872	time	768.017	temperature	773	cpu_time	570.62
109	282
85	228
108	279
143	355
118	301
103	267
82	221
65	181
195	464
171	416
96	253
217	510
99	259
172	418
189	452
56	159
111	285
145	361
106	274
175	424
step	47546292	time	774.002	temperature	773	cpu_time	575.97
111	286
103	267
83	222
176	425
107	278
110	283
218	512
147	364
111	287
58	162
190	455
100	262
97	255
195	465
176	425
66	182
145	360
87	231
118	302
173	419
step	48118678	time	780.008	temperature	773	cpu_time	581.33
108	279
59	166
196	468
88	234
114	292
105	272
191	457
119	303
99	259
178	429
147	364
111	286
148	366
218	512
113	290
83	223
176	425
174	421
101	263
68	186
step	48339032	time	786.009	temperature	773	cpu_time	583.42
106	274
112	289
148	367
60	169
100	261
69	189
120	305
114	292
178	429
88	235
219	513
174	422
102	266
177	427
197	469
194	463
84	225
148	367
111	286
115	295
step	48676169	time	792.002	temperature	773	cpu_time	586.55
116	295
61	171
84	225
121	309
220	515
70	191
149	368
195	465
148	367
199	472
115	294
112	288
115	294
107	277
90	239
177	427
179	432
101	263
179	432
102	266
step	49009218	time	798.008	temperature	773	cpu_time	589.68
91	241
116	297
149	368
103	268
116	297
63	175
177	428
122	310
107	278
101	264
181	437
115	294
149	369
199	474
222	520
113	291
70	193
86	229
181	436
197	467
step	49493341	time	804.004	temperature	773	cpu_time	594.38
117	300
109	282
63	176
92	244
223	522
103	268
179	431
1	1
182	438
105	273
199	474
198	471
150	371
86	230
114	292
150	370
118	301
71	194
123	312
182	438
116	298
step	50034042	time	810.011	temperature	773	cpu_time	599.4
200	476
87	232
115	294
184	443
183	440
180	434
198	472
120	306
65	179
225	527
118	302
93	245
73	198
110	283
151	373
124	314
104	271
118	301
151	374
106	275
step	50566984	time	816.004	temperature	773	cpu_time	604.52
124	315
201	477
89	233
93	246
73	198
119	303
227	531
152	375
153	377
182	438
112	288
106	274
66	182
121	308
107	278
184	442
121	309
187	449
200	476
116	298
step	50928742	time	822.003	temperature	773	cpu_time	608.05
73	199
123	313
108	280
113	290
88	234
154	379
121	307
189	453
94	248
153	378
68	186
121	309
227	531
116	298
202	479
185	445
183	440
106	274
126	316
204	481
step	51540007	time	828.001	temperature	773	cpu_time	613.71
95	250
154	379
88	234
110	283
124	314
107	277
230	536
154	380
202	479
116	297
192	458
184	442
68	188
122	311
73	200
125	316
204	484
122	310
190	454
118	300
step	51906344	time	834.005	temperature	773	cpu_time	617.1
74	201
70	193
184	442
96	252
108	279
88	235
155	381
117	300
123	313
125	315
203	482
155	382
118	302
126	320
206	487
122	310
191	457
193	460
232	540
111	286
step	52283079	time	840.001	temperature	773	cpu_time	620.86
89	237
155	382
112	288
118	302
119	303
232	541
204	483
126	320
73	198
193	461
76	206
98	256
185	445
108	280
126	318
122	311
126	319
157	385
207	489
193	461
step	52859738	time	846	temperature	773	cpu_time	626.47
1	1
99	258
120	305
127	322
194	463
109	282
77	209
73	198
158	387
92	243
126	318
187	448
127	320
123	312
156	383
120	305
194	463
236	548
113	291
209	494
206	487
step	53267563	time	852.007	temperature	773	cpu_time	630.55
75	204
196	467
211	497
127	322
127	321
125	316
99	258
187	448
127	322
208	491
120	305
114	292
158	387
157	383
121	309
238	552
77	209
110	284
94	248
195	464
step	53726554	time	858.002	temperature	773	cpu_time	635.18
1	1
197	470
209	493
124	314
157	386
125	317
211	498
77	208
239	555
120	305
129	326
195	466
189	453
96	252
111	287
127	322
116	296
129	325
100	261
78	211
158	388
step	54258111	time	864.009	temperature	773	cpu_time	640.32
117	300
129	325
158	388
130	327
190	455
196	467
159	389
79	212
101	264
127	321
372	811
213	502
200	475
131	330
78	210
120	305
210	496
126	318
112	287
step	54843713	time	870.002	temperature	773	cpu_time	645.83
79	214
160	391
132	333
112	289
118	301
128	324
121	308
191	457
215	505
131	329
79	213
199	474
130	327
128	324
203	481
213	501
102	265
159	389
377	820
step	55251888	time	876.007	temperature	773	cpu_time	649.43
132	332
80	215
134	336
216	507
102	266
1	1
214	504
200	476
81	217
130	328
130	328
114	293
159	389
193	460
162	396
129	325
206	487
381	828
119	303
122	310
step	55613649	time	882.001	temperature	773	cpu_time	652.87
133	334
159	390
200	476
132	331
129	326
81	217
116	296
194	462
384	833
119	304
162	397
208	492
124	314
103	267
219	513
82	221
132	332
216	507
135	339
step	56098237	time	888.005	temperature	773	cpu_time	657.23
124	314
82	220
164	400
137	342
133	335
328	728
121	306
194	463
220	515
83	222
133	334
129	326
201	477
117	300
219	513
390	842
212	498
104	268
step	56564319	time	894.002	temperature	773	cpu_time	661.45
138	344
133	334
118	302
84	224
121	308
331	733
220	515
84	224
391	845
222	520
166	404
212	499
131	329
125	316
134	337
105	272
202	480
195	465
step	56841273	time	900.003	temperature	773	cpu_time	664.08
85	227
167	406
222	520
86	228
131	329
127	321
138	345
121	309
134	336
135	339
203	481
195	466
106	274
119	304
334	740
392	848
223	522
214	501
step	57297156	time	906.003	temperature	773	cpu_time	667.81
214	504
135	339
87	232
136	340
223	522
225	526
120	305
85	228
336	744
106	275
129	325
356	781
139	347
204	483
131	330
167	407
394	853
step	57721780	time	912.013	temperature	773	cpu_time	671.37
129	326
397	858
140	349
223	522
217	509
168	408
206	487
88	235
136	340
107	278
339	748
86	230
136	341
132	332
121	307
228	532
358	783
step	58170694	time	918	temperature	773	cpu_time	675.2
123	313
89	236
137	342
218	512
134	336
138	343
109	282
230	536
87	231
208	492
131	329
339	749
399	862
142	353
169	412
358	785
225	524
step	58552975	time	924.267	temperature	773	cpu_time	678.48
132	331
138	345
224	525
138	346
232	540
91	240
87	231
110	283
170	414
124	314
136	340
143	355
359	786
401	866
210	496
343	754
220	516
step	59150479	time	930.005	temperature	773	cpu_time	683.4
88	234
233	543
110	284
133	334
406	875
144	357
172	418
221	517
343	757
138	344
360	788
126	318
225	527
139	347
139	348
211	498
92	243
step	59306077	time	936.003	temperature	773	cpu_time	684.78
234	544
145	359
173	420
408	878
111	285
92	243
1	1
139	348
226	528
126	320
134	337
361	788
222	520
139	348
88	235
139	346
344	759
214	502
step	59786622	time	942	temperature	773	cpu_time	688.66
215	506
136	340
148	367
177	428
141	351
140	349
361	791
90	238
111	286
93	245
224	524
234	545
127	321
226	529
347	764
140	349
408	879
step	60170141	time	948.002	temperature	773	cpu_time	692.07
94	248
363	795
150	370
216	507
142	354
136	340
227	531
227	528
141	352
237	550
142	354
349	768
411	884
128	324
90	238
112	288
180	431
step	60674544	time	954.015	temperature	773	cpu_time	696.06
136	341
366	799
96	249
228	532
351	771
237	551
129	326
143	355
114	293
216	507
143	355
180	434
413	888
143	356
229	535
152	375
93	242
step	60901197	time	960.001	temperature	773	cpu_time	698.02
144	357
216	507
239	554
414	890
95	251
92	244
114	293
230	536
153	378
367	801
181	436
144	357
144	359
130	328
230	536
138	342
352	771
step	61502521	time	966.003	temperature	773	cpu_time	703.07
94	247
96	253
219	511
144	358
138	345
231	539
145	361
131	330
418	896
353	776
145	360
183	440
153	378
115	294
233	542
240	556
370	808
step	61853169	time	972.009	temperature	773	cpu_time	706.04
94	248
144	358
133	334
1	2
154	379
118	301
146	362
241	559
420	899
219	514
97	254
234	545
139	348
146	363
354	777
185	442
373	812
235	547
step	62146097	time	978.004	temperature	773	cpu_time	708.51
155	379
133	335
220	515
97	255
237	551
374	815
118	302
243	562
95	249
421	902
140	349
148	366
186	447
146	363
147	365
355	780
235	547
step	62502265	time	984.002	temperature	773	cpu_time	711.74
1	1
188	450
237	550
146	363
99	258
141	351
243	563
356	781
220	516
119	303
377	821
135	338
239	555
423	906
156	383
95	249
148	367
150	370
step	62866031	time	990.006	temperature	773	cpu_time	714.87
157	386
141	352
95	250
241	558
151	372
149	369
189	452
220	516
136	341
240	556
425	910
245	567
380	826
119	304
358	785
148	367
99	260
step	63269826	time	996	temperature	773	cpu_time	718.37
158	387
149	369
101	264
431	920
121	309
137	343
242	561
222	519
191	456
362	792
247	570
151	373
96	252
381	828
142	354
243	562
151	372
step	63509817	time	1002.01	temperature	773	cpu_time	720.62
1	2
138	344
242	561
144	358
96	253
363	794
102	265
151	374
151	372
152	374
248	573
223	521
433	925
122	310
191	457
385	836
160	392
244	563
step	63995169	time	1008	temperature	773	cpu_time	724.95
123	312
388	841
161	394
192	459
139	347
435	929
243	562
153	377
244	564
104	271
145	361
151	373
249	574
99	259
365	798
152	375
225	527
step	64298747	time	1014	temperature	773	cpu_time	727.51
123	312
244	565
246	568
390	845
437	931
151	374
147	364
194	462
154	380
226	528
152	376
250	576
100	262
367	801
104	271
161	395
142	354
step	64780206	time	1020	temperature	773	cpu_time	731.57
126	317
248	572
101	264
161	395
195	464
247	570
153	377
367	802
149	368
154	380
251	578
228	532
393	851
106	274
439	936
143	355
155	382
step	65086726	time	1026	temperature	773	cpu_time	734.22
249	574
228	533
145	360
102	265
150	370
155	382
195	464
154	380
253	582
443	942
125	317
107	277
155	381
249	574
370	808
394	853
162	395
step	65595485	time	1032	temperature	773	cpu_time	738.61
1	1
158	387
126	320
249	575
103	268
232	540
445	947
255	586
155	381
147	362
373	813
393	850
162	396
251	578
107	278
396	856
150	371
step	65961147	time	1038.01	temperature	773	cpu_time	741.63
127	322
447	951
155	381
163	398
160	391
258	591
394	853
150	371
147	364
376	819
234	545
108	280
251	578
252	580
397	857
104	271
1	1
step	66412458	time	1044	temperature	773	cpu_time	745.91
151	372
399	861
150	370
261	597
156	384
235	546
251	579
163	399
106	274
254	584
451	957
129	325
398	859
379	825
109	282
160	393
step	66748818	time	1050	temperature	773	cpu_time	748.49
1	1
157	386
106	274
381	827
257	589
235	547
161	395
151	372
255	586
130	328
164	401
399	861
401	865
452	960
261	598
151	374
110	284
step	67165250	time	1056	temperature	773	cpu_time	751.84
1	1
159	389
266	605
236	549
167	407
399	862
152	375
111	287
153	377
382	830
256	588
162	397
456	966
263	601
402	868
258	591
step	67371928	time	1062.01	temperature	773	cpu_time	753.63
266	607
159	390
400	864
402	868
238	552
259	593
156	382
257	589
168	408
164	400
114	293
153	377
384	834
267	609
458	971
step	67608215	time	1068.01	temperature	773	cpu_time	755.83
1	1
1	1
239	555
268	611
154	379
259	594
170	414
156	383
462	977
160	393
402	867
261	596
165	402
116	296
406	874
385	836
266	608
step	67860189	time	1074	temperature	773	cpu_time	757.87
270	615
118	302
166	404
268	612
171	415
262	598
162	396
387	840
155	382
241	558
406	874
156	384
262	598
465	982
407	877
step	68140647	time	1080	temperature	773	cpu_time	760.03
242	561
119	304
162	397
158	387
408	879
270	615
408	879
388	842
171	416
167	407
159	389
263	601
467	986
272	619
263	602
step	68568024	time	1086	temperature	773	cpu_time	763.36
273	622
120	306
159	390
169	411
271	617
162	396
265	605
392	848
242	561
264	604
173	419
409	881
164	400
410	882
470	992
step	69180584	time	1092	temperature	773	cpu_time	767.79
166	404
121	307
273	622
170	413
412	886
265	606
164	400
411	884
396	856
274	624
160	391
176	426
267	610
474	1000
243	562
step	69700392	time	1098	temperature	773	cpu_time	771.92
275	625
162	396
172	417
269	614
267	608
412	884
167	406
276	628
121	309
244	564
401	866
414	890
178	430
476	1003
166	405
step	70198781	time	1104.01	temperature	773	cpu_time	776.02
1	1
1	1
1	2
278	632
162	397
271	618
402	868
478	1007
122	310
168	407
279	634
412	886
245	566
168	409
172	417
269	613
416	893
180	433
step	70636884	time	1110.01	temperature	773	cpu_time	779.59
123	313
280	636
174	421
167	406
271	617
272	620
280	636
180	433
406	874
169	412
248	573
415	892
480	1011
419	897
170	411
step	70999137	time	1116	temperature	773	cpu_time	782.59
1	1
180	435
252	580
1	1
282	639
407	877
169	411
482	1014
281	638
171	415
420	900
167	407
273	621
174	422
272	619
126	319
419	897
step	71386684	time	1122	temperature	773	cpu_time	785.85
1	1
170	414
126	319
169	411
409	880
182	439
422	905
175	424
484	1017
284	642
254	584
274	623
421	903
172	418
272	619
287	646
step	71678667	time	1128.01	temperature	773	cpu_time	788.03
172	418
173	420
178	429
287	649
169	411
423	906
285	644
423	906
274	624
412	885
127	322
255	586
273	622
183	440
486	1022
step	72122396	time	1134.01	temperature	773	cpu_time	791.22
489	1026
178	430
288	651
186	446
173	419
128	323
286	646
256	588
424	908
277	629
277	629
413	888
174	421
172	418
426	911
step	72515410	time	1140	temperature	773	cpu_time	794.52
187	449
180	435
175	423
129	325
425	909
291	656
287	648
258	592
174	422
428	915
277	630
174	422
278	631
414	890
491	1030
step	72730595	time	1146.01	temperature	773	cpu_time	796.27
130	328
288	650
415	892
279	633
429	918
1	1
280	636
175	423
183	440
291	657
494	1035
189	452
426	911
175	423
174	422
259	593
step	73265269	time	1152.01	temperature	773	cpu_time	800.73
289	653
187	449
133	331
294	662
177	425
428	915
284	643
416	894
280	636
496	1040
176	425
262	599
177	427
190	454
431	920
step	73590493	time	1158	temperature	773	cpu_time	803.62
1	1
191	456
291	657
1	1
177	427
428	916
187	449
132	332
286	646
262	600
177	428
434	926
500	1046
296	666
419	899
282	639
178	430
step	74038391	time	1164	temperature	773	cpu_time	807.35
285	645
503	1051
189	453
193	459
294	660
180	433
297	668
435	929
180	434
421	902
178	429
430	919
135	338
264	603
288	649
step	74463864	time	1170	temperature	773	cpu_time	810.65
426	912
178	430
135	339
299	672
181	436
286	646
265	605
432	923
189	453
1	1
181	436
506	1057
293	661
289	653
195	464
438	934
step	74905230	time	1176.02	temperature	773	cpu_time	814.22
1	2
190	455
293	660
181	436
441	939
266	608
180	434
183	440
290	654
295	665
195	464
136	341
429	918
300	674
435	929
509	1063
step	75556358	time	1182.01	temperature	773	cpu_time	819.06
297	668
138	346
193	460
181	437
197	469
445	947
290	654
511	1066
184	443
432	920
438	931
269	614
183	440
302	678
298	669
step	76010405	time	1188	temperature	773	cpu_time	822.78
270	615
199	473
194	462
305	682
292	658
182	439
434	926
183	441
140	349
299	672
438	934
1	1
186	446
513	1070
448	952
301	676
step	76469907	time	1194	temperature	773	cpu_time	826.29
1	1
272	619
187	448
1	1
143	355
202	479
306	686
437	931
184	443
293	661
449	954
439	936
185	444
515	1074
301	676
195	464
303	678
step	76785287	time	1200	temperature	773	cpu_time	829.01
203	481
519	1080
186	446
296	667
188	451
441	940
144	357
304	682
438	934
308	689
187	448
195	466
307	688
274	623
452	959
step	77211661	time	1206	temperature	773	cpu_time	832.42
1	1
145	360
306	685
191	454
189	453
454	963
189	453
521	1085
205	485
274	623
197	469
308	690
308	690
439	936
296	667
444	945
step	77681192	time	1212	temperature	773	cpu_time	836.25
306	686
198	471
309	692
311	695
207	490
297	668
447	951
458	970
276	627
191	457
191	457
190	455
443	942
524	1089
147	363
step	78094340	time	1218	temperature	773	cpu_time	839.17
193	460
190	455
297	668
312	698
147	364
193	460
306	686
450	955
199	474
312	698
526	1094
209	493
459	973
443	943
279	632
step	78508231	time	1224	temperature	773	cpu_time	842.27
1	1
200	475
212	497
194	462
191	456
315	702
309	691
452	959
148	367
278	632
298	670
315	702
528	1097
444	945
195	465
462	978
step	78847375	time	1230	temperature	773	cpu_time	845.13
191	457
195	466
279	634
455	964
213	502
301	676
317	706
316	705
445	947
203	481
310	693
151	372
194	463
530	1101
467	985
step	79204516	time	1236	temperature	773	cpu_time	847.89
199	474
311	695
194	463
467	986
214	504
204	484
151	374
303	679
320	713
192	459
446	949
457	968
281	637
534	1108
318	709
step	79605308	time	1242	temperature	773	cpu_time	850.77
321	714
205	485
537	1112
448	952
197	470
322	717
313	700
193	461
303	679
215	505
200	475
155	379
461	975
468	989
282	640
step	80228381	time	1248	temperature	773	cpu_time	855.42
316	705
202	479
469	991
207	489
541	1119
452	959
218	511
285	644
155	381
321	715
327	726
199	473
462	978
196	466
305	681
step	80605137	time	1254	temperature	773	cpu_time	858.42
1	1
204	484
155	381
1	1
219	514
196	467
287	648
209	494
543	1124
318	708
200	476
329	730
470	992
323	719
306	686
463	979
453	962
step	81318966	time	1260	temperature	773	cpu_time	863.87
206	488
331	733
156	383
198	471
201	478
546	1129
320	713
457	968
472	995
466	984
326	724
288	651
222	519
213	501
309	691
step	81872564	time	1266	temperature	773	cpu_time	868.04
333	737
199	473
327	725
157	386
323	718
289	653
201	478
215	505
468	988
223	523
477	1004
208	491
312	697
551	1137
459	974
step	82189027	time	1272	temperature	773	cpu_time	870.49
291	657
1	1
199	473
553	1141
158	387
312	698
211	496
335	742
325	722
330	732
204	483
216	507
461	976
470	990
479	1009
226	529
step	82566933	time	1278	temperature	773	cpu_time	873.83
333	738
158	388
205	486
293	661
201	477
557	1148
213	502
313	700
337	745
464	979
228	531
481	1012
218	511
471	994
327	725
step	82808918	time	1284	temperature	773	cpu_time	875.64
219	513
340	750
294	662
483	1015
213	502
208	492
229	535
475	1001
463	980
560	1153
201	477
313	700
335	741
160	391
329	729
step	83431539	time	1290	temperature	773	cpu_time	880.14
222	519
339	748
297	668
342	754
229	535
160	392
215	505
477	1004
332	735
563	1159
315	703
466	985
486	1021
210	495
201	478
step	83818218	time	1296.01	temperature	773	cpu_time	882.89
333	737
317	707
486	1022
202	480
341	752
211	497
218	512
468	989
566	1165
479	1008
223	521
161	394
230	536
299	673
343	755
step	84272236	time	1302.01	temperature	773	cpu_time	886.39
163	399
319	710
211	498
218	512
230	537
489	1026
203	482
343	756
303	679
225	526
472	995
344	758
568	1167
481	1013
335	742
step	84680757	time	1308.01	temperature	773	cpu_time	889.6
203	482
231	539
345	761
338	746
165	403
569	1170
320	712
473	998
229	533
214	502
346	763
483	1015
490	1029
219	514
305	684
step	85196996	time	1314.02	temperature	773	cpu_time	893.48
339	749
219	514
485	1019
206	488
232	540
217	508
307	687
322	717
168	407
346	763
571	1174
348	766
493	1034
232	539
475	999
step	85780651	time	1320	temperature	773	cpu_time	897.78
309	692
475	1001
350	769
351	772
233	543
216	508
495	1037
574	1179
220	516
233	543
207	489
322	717
169	412
341	752
490	1027
step	86325559	time	1326	temperature	773	cpu_time	902
324	721
343	757
235	546
170	414
209	493
237	550
351	771
477	1004
222	519
576	1182
494	1035
497	1041
312	695
353	776
218	511
step	86878997	time	1332	temperature	773	cpu_time	906.24
498	1042
346	763
326	724
354	777
223	523
501	1048
221	517
576	1182
479	1009
240	556
210	495
170	414
312	698
235	547
356	780
step	87596119	time	1338	temperature	773	cpu_time	911.37
329	729
225	526
482	1013
237	550
351	768
506	1057
213	501
354	777
223	521
578	1186
313	700
500	1047
243	562
170	414
358	785
step	87819367	time	1344	temperature	773	cpu_time	912.99
1	1
227	530
360	788
331	734
237	551
355	780
578	1186
501	1049
244	565
315	702
214	503
224	525
506	1058
351	771
172	418
484	1015
step	88431717	time	1350	temperature	773	cpu_time	917.65
229	534
332	736
316	704
215	505
363	795
239	555
174	421
504	1053
509	1062
485	1020
356	781
581	1191
227	531
353	775
246	568
step	88814629	time	1356	temperature	773	cpu_time	920.5
356	781
241	558
231	538
175	424
334	739
363	795
247	570
316	705
358	785
217	510
504	1053
583	1194
485	1020
230	536
510	1065
step	89125450	time	1362	temperature	773	cpu_time	922.89
230	537
336	743
218	511
318	708
486	1022
242	561
358	784
247	571
505	1055
177	427
511	1067
365	798
232	541
585	1198
359	787
step	89743012	time	1368.01	temperature	773	cpu_time	927.48
368	803
588	1203
221	518
232	541
513	1069
506	1058
490	1028
339	748
359	787
235	547
318	708
361	790
179	431
244	564
250	575
step	90272329	time	1374	temperature	773	cpu_time	931.5
251	578
361	790
367	801
591	1208
369	805
319	710
224	525
493	1034
245	567
509	1063
514	1071
179	432
239	554
235	546
342	753
step	90823725	time	1380.12	temperature	773	cpu_time	935.62
319	711
253	582
513	1069
368	803
362	793
370	807
227	530
518	1078
591	1209
180	433
343	757
246	569
495	1037
237	548
243	563
step	91335026	time	1386	temperature	773	cpu_time	939.47
181	437
344	759
372	811
238	552
519	1080
364	797
255	586
369	806
228	532
321	714
515	1073
596	1217
244	565
496	1040
247	571
step	91894322	time	1392	temperature	773	cpu_time	943.6
373	814
230	536
322	716
521	1085
367	801
516	1076
257	589
239	555
183	440
346	763
600	1224
248	572
499	1045
371	810
248	572
step	92159572	time	1398	temperature	773	cpu_time	945.6
1	1
231	538
249	574
347	764
517	1077
604	1230
324	720
375	816
375	817
501	1048
258	592
521	1085
369	806
183	441
242	560
249	574
step	92811517	time	1404	temperature	773	cpu_time	950.33
1	1
231	538
376	819
325	723
370	808
260	595
243	563
185	444
250	576
520	1082
350	769
523	1087
377	820
250	576
504	1053
604	1232
step	93224090	time	1410.04	temperature	773	cpu_time	953.67
1	1
251	579
186	447
506	1057
329	729
523	1087
244	564
373	814
232	541
378	822
378	823
351	771
524	1090
261	598
253	582
608	1238
step	93832962	time	1416	temperature	773	cpu_time	958.35
330	731
188	451
379	825
234	545
382	830
254	584
352	774
526	1093
377	821
254	581
525	1092
510	1064
245	567
612	1245
264	603
step	94254061	time	1422	temperature	773	cpu_time	961.29
255	586
239	554
192	456
255	586
355	779
528	1096
378	822
248	573
385	836
527	1095
381	827
331	734
614	1249
511	1066
266	607
step	94819262	time	1428.01	temperature	773	cpu_time	965.59
240	556
333	737
380	827
532	1103
193	461
359	786
511	1067
387	839
384	834
257	589
617	1254
250	577
257	589
530	1101
267	609
step	95303983	time	1434	temperature	773	cpu_time	969.39
241	559
387	839
534	1107
380	827
195	464
335	741
515	1073
268	612
257	590
258	592
1	1
620	1260
534	1107
389	843
251	578
360	788
step	95686240	time	1440.01	temperature	773	cpu_time	972.43
1	1
251	579
243	563
272	619
389	843
360	789
518	1078
196	467
391	846
623	1264
534	1108
338	746
258	591
384	833
535	1109
259	594
step	96194561	time	1446.01	temperature	773	cpu_time	976.13
199	473
519	1081
362	793
626	1270
272	620
538	1114
392	848
244	565
253	582
388	842
261	598
339	749
537	1113
391	847
260	594
step	96884845	time	1452.01	temperature	773	cpu_time	981.32
245	567
261	597
520	1082
263	601
540	1118
628	1273
365	798
541	1120
255	586
202	480
341	752
390	844
275	626
395	854
393	851
step	97391788	time	1458.02	temperature	773	cpu_time	985.23
256	588
396	857
521	1085
264	603
542	1122
262	600
204	483
367	801
396	856
542	1122
277	629
343	756
632	1281
246	569
391	847
step	97935647	time	1464.01	temperature	773	cpu_time	989.2
265	605
344	758
265	606
258	591
278	631
393	850
544	1126
634	1284
396	857
367	802
208	492
543	1124
399	860
248	573
523	1087
step	98306766	time	1470.01	temperature	773	cpu_time	991.88
265	606
369	806
345	760
394	852
267	610
248	573
544	1126
258	592
280	635
400	863
396	857
636	1288
547	1130
210	496
525	1091
step	98736349	time	1476	temperature	773	cpu_time	994.99
546	1128
346	763
639	1292
549	1134
268	612
397	857
396	855
249	574
370	808
403	869
527	1095
258	592
268	612
212	500
280	636
step	99114398	time	1482	temperature	773	cpu_time	997.81
349	767
640	1294
398	859
372	811
269	613
550	1136
406	875
214	503
271	618
249	575
281	638
259	593
528	1096
400	861
547	1131
step	99441625	time	1488	temperature	773	cpu_time	1000.26
349	768
215	505
282	639
399	862
271	617
529	1099
252	580
273	622
400	863
375	817
641	1296
408	878
552	1139
261	598
549	1135
step	99784790	time	1494	temperature	773	cpu_time	1002.79
400	864
272	619
216	507
254	584
262	600
644	1301
350	770
412	886
402	867
553	1141
282	640
530	1101
376	817
274	622
557	1145
step	100308236	time	1500	temperature	773	cpu_time	1006.78
415	891
554	1143
377	821
264	603
258	591
275	625
274	623
558	1150
647	1307
352	774
283	641
217	509
532	1103
405	873
402	868
step	100874520	time	1506	temperature	773	cpu_time	1010.78
403	869
258	591
406	875
286	646
275	625
419	899
266	607
378	822
277	630
218	512
560	1154
533	1105
651	1313
353	776
557	1148
step	101308707	time	1512	temperature	773	cpu_time	1013.98
279	633
220	516
258	592
287	649
535	1109
267	609
405	873
1	1
652	1315
562	1157
407	876
381	827
277	628
355	780
559	1152
421	903
step	101572933	time	1518	temperature	773	cpu_time	1015.83
407	876
281	637
561	1155
407	877
267	610
536	1111
222	519
260	595
655	1320
289	652
355	780
384	834
421	903
277	629
562	1158
step	102086787	time	1524	temperature	773	cpu_time	1019.78
408	879
564	1160
279	634
261	597
223	522
270	616
565	1162
538	1115
408	878
291	657
385	835
284	643
422	905
357	783
657	1322
step	102571566	time	1530	temperature	773	cpu_time	1023.44
1	1
271	618
225	527
286	647
293	661
410	882
359	786
567	1166
387	839
281	638
410	882
423	906
540	1118
566	1165
262	600
658	1326
step	102938266	time	1536.01	temperature	773	cpu_time	1026.11
226	529
288	651
659	1328
567	1166
284	643
273	622
390	844
425	909
360	788
264	604
295	664
413	887
569	1169
543	1123
410	883
step	103338994	time	1542	temperature	773	cpu_time	1028.98
361	791
295	665
429	917
264	604
391	846
414	889
291	656
227	530
275	625
662	1333
544	1126
570	1171
569	1170
413	888
286	646
step	103849383	time	1548	temperature	773	cpu_time	1032.9
547	1130
292	659
572	1175
415	892
364	796
298	670
392	848
266	608
431	920
415	892
277	630
665	1337
570	1171
228	533
290	654
step	104095998	time	1554	temperature	773	cpu_time	1034.8
278	631
393	851
267	610
228	533
291	657
417	894
295	664
571	1174
548	1133
667	1341
573	1177
301	675
366	799
432	923
416	894
step	104535127	time	1560.01	temperature	773	cpu_time	1038.04
417	895
230	537
394	853
575	1181
267	610
296	666
421	903
302	677
279	634
366	799
549	1135
671	1348
435	927
292	659
574	1177
step	104978084	time	1566	temperature	773	cpu_time	1041.09
298	670
230	537
578	1185
435	928
293	661
268	611
397	858
422	904
418	896
303	680
673	1352
367	802
281	635
551	1138
576	1182
step	105418033	time	1572.01	temperature	773	cpu_time	1044.35
298	670
281	637
304	681
675	1355
231	538
294	662
440	937
553	1141
269	613
577	1183
579	1187
400	864
419	899
425	909
371	810
step	105879998	time	1578	temperature	773	cpu_time	1047.65
301	675
283	641
269	613
421	902
677	1358
582	1192
305	683
579	1188
232	541
553	1142
375	816
426	911
400	864
295	664
442	941
step	106179033	time	1584.01	temperature	773	cpu_time	1049.93
555	1144
306	685
270	615
401	866
375	817
233	543
443	943
423	907
298	669
302	678
285	645
680	1364
582	1192
584	1196
427	912
step	106691341	time	1590	temperature	773	cpu_time	1053.73
235	546
305	683
445	946
272	620
298	671
683	1368
287	649
559	1152
428	916
405	872
377	821
583	1194
307	688
586	1198
426	910
step	107233661	time	1596.01	temperature	773	cpu_time	1057.99
430	919
237	550
307	688
289	652
588	1203
585	1197
274	623
311	696
379	825
406	874
302	678
562	1157
446	949
686	1373
427	913
step	107950955	time	1602.02	temperature	773	cpu_time	1063.05
276	627
304	682
587	1201
688	1377
381	829
238	553
427	913
433	924
308	690
292	658
451	957
407	876
565	1163
590	1206
314	700
step	108364916	time	1608	temperature	773	cpu_time	1065.97
277	630
239	555
428	916
567	1166
308	690
689	1379
382	830
435	928
294	662
452	959
590	1207
593	1212
315	703
307	688
408	878
step	108964230	time	1614	temperature	773	cpu_time	1070.35
294	662
408	879
317	707
591	1208
309	691
437	932
312	698
242	560
385	835
434	926
278	632
596	1217
693	1386
570	1172
1	1
454	963
step	109568700	time	1620.02	temperature	773	cpu_time	1074.84
318	708
244	564
294	663
594	1213
386	838
573	1176
311	696
600	1224
281	637
413	885
438	934
315	703
455	965
695	1389
439	934
step	109884975	time	1626	temperature	773	cpu_time	1077.25
1	1
316	705
440	937
458	970
441	940
413	887
386	838
602	1228
596	1217
318	708
282	640
312	697
698	1394
294	663
573	1177
246	569
step	110450436	time	1632	temperature	773	cpu_time	1081.62
1	1
285	645
248	573
318	709
445	946
598	1221
461	976
575	1180
389	843
317	707
442	941
295	665
604	1232
702	1402
418	896
313	699
step	110843269	time	1638	temperature	773	cpu_time	1084.58
446	948
706	1408
319	710
319	710
298	671
249	574
602	1228
287	649
316	704
465	983
577	1184
445	946
391	846
420	900
605	1233
step	111251481	time	1644.01	temperature	773	cpu_time	1087.37
446	948
319	711
320	713
288	650
448	952
607	1236
423	906
299	673
250	576
317	707
578	1185
466	985
392	849
709	1413
604	1232
step	111829335	time	1650.01	temperature	773	cpu_time	1091.59
250	577
301	675
321	715
395	854
610	1241
426	912
289	652
579	1188
321	715
608	1239
449	954
324	720
713	1420
447	950
467	987
step	112475207	time	1656	temperature	773	cpu_time	1096.2
468	989
325	722
302	678
252	580
612	1245
583	1194
321	715
612	1245
717	1427
324	721
290	654
450	956
428	915
398	859
449	954
step	112946456	time	1662.01	temperature	773	cpu_time	1099.65
323	719
452	959
471	994
327	726
614	1248
303	680
430	919
584	1196
291	656
612	1245
399	861
720	1432
253	581
452	959
328	728
step	113451980	time	1668.01	temperature	773	cpu_time	1103.29
323	719
585	1198
721	1434
433	924
616	1252
293	661
615	1251
330	731
474	999
254	584
305	684
328	727
400	863
457	968
452	960
step	113749587	time	1674.01	temperature	773	cpu_time	1105.54
1	2
293	661
455	965
723	1438
324	720
328	727
306	686
474	1000
459	972
618	1255
435	928
402	867
587	1201
257	588
333	735
618	1254
step	114315640	time	1680	temperature	773	cpu_time	1109.76
1	1
1	1
309	692
326	724
404	871
438	933
330	731
294	663
333	737
620	1259
456	966
621	1259
463	979
727	1445
588	1203
477	1005
260	596
step	114750583	time	1686	temperature	773	cpu_time	1112.88
333	738
262	600
327	725
312	697
295	665
457	969
622	1262
732	1452
479	1009
464	981
620	1260
406	875
589	1205
332	735
438	935
step	115106407	time	1692.01	temperature	773	cpu_time	1115.51
297	669
314	701
460	974
263	601
332	735
441	938
334	740
329	729
466	985
407	877
624	1267
481	1012
623	1264
734	1457
592	1210
step	115490582	time	1698	temperature	773	cpu_time	1118.31
337	744
316	705
333	737
739	1464
408	878
299	672
624	1266
626	1270
462	975
468	988
441	940
331	734
594	1213
483	1016
264	604
step	115965891	time	1704.01	temperature	773	cpu_time	1121.72
484	1018
338	746
335	741
409	880
300	674
627	1272
265	606
334	739
468	989
463	979
740	1466
444	945
596	1218
629	1275
317	707
step	116316296	time	1710	temperature	773	cpu_time	1124.23
319	710
445	946
339	748
336	743
300	674
635	1286
410	883
743	1471
599	1223
485	1019
266	607
471	994
336	744
627	1272
464	981
step	116722377	time	1716.01	temperature	773	cpu_time	1127.19
319	710
486	1021
411	884
466	985
472	996
641	1296
445	947
339	749
339	749
339	749
630	1277
267	610
302	677
744	1474
601	1226
step	116984490	time	1722	temperature	773	cpu_time	1129.05
1	1
320	712
746	1476
474	999
488	1024
447	950
468	989
632	1281
340	751
340	750
269	613
303	679
602	1228
341	752
641	1296
413	885
step	117261528	time	1728	temperature	773	cpu_time	1131.05
1	1
413	887
270	615
320	713
642	1297
469	991
341	752
488	1024
340	751
449	953
475	1002
305	684
636	1287
342	755
604	1232
749	1480
step	117984070	time	1734	temperature	773	cpu_time	1136.38
342	754
343	757
342	754
307	688
415	892
322	717
753	1488
470	992
479	1008
646	1305
607	1236
636	1288
272	619
490	1028
453	958
step	118429126	time	1740	temperature	773	cpu_time	1139.69
453	962
273	621
756	1493
610	1241
343	757
323	719
416	894
344	759
493	1033
481	1013
649	1309
308	689
471	994
640	1292
343	755
step	118831180	time	1746.01	temperature	773	cpu_time	1142.66
273	622
310	694
474	1000
346	762
345	761
417	895
650	1312
612	1246
494	1036
345	760
483	1015
759	1499
643	1299
454	963
324	721
step	119245476	time	1752.01	temperature	773	cpu_time	1145.64
347	764
276	627
484	1018
327	725
614	1248
646	1305
654	1318
312	697
475	1001
347	764
345	761
498	1043
457	968
761	1503
418	897
step	119702875	time	1758.02	temperature	773	cpu_time	1148.82
458	970
766	1510
648	1308
327	726
478	1006
615	1250
348	765
419	898
348	765
486	1021
312	698
349	768
277	630
657	1323
501	1047
step	120012798	time	1764.02	temperature	773	cpu_time	1151.24
330	732
313	699
488	1024
659	1328
350	769
481	1012
277	630
766	1511
458	971
650	1311
349	768
420	901
503	1052
618	1255
351	771
step	120497298	time	1770.01	temperature	773	cpu_time	1154.78
504	1054
351	772
483	1015
422	905
313	700
351	771
661	1331
461	975
620	1259
489	1027
332	734
654	1319
279	634
768	1514
354	776
step	121232286	time	1776.01	temperature	773	cpu_time	1160
424	908
463	979
316	704
506	1057
355	779
355	780
483	1016
664	1335
491	1030
658	1325
621	1261
773	1522
352	773
333	738
281	638
step	121588890	time	1782	temperature	773	cpu_time	1162.68
356	782
285	644
427	914
355	780
317	706
664	1336
334	740
660	1329
353	776
485	1020
492	1032
464	981
508	1061
625	1268
776	1528
step	121995698	time	1788.01	temperature	773	cpu_time	1165.64
335	742
285	644
664	1335
317	707
489	1026
430	919
510	1064
627	1272
354	778
778	1531
359	787
667	1341
493	1033
466	985
358	785
step	122350074	time	1794	temperature	773	cpu_time	1168.33
356	782
433	924
359	786
285	644
512	1068
780	1535
336	744
670	1346
668	1342
466	985
630	1277
320	712
361	790
494	1036
491	1031
step	122805744	time	1800.01	temperature	773	cpu_time	1171.43
338	747
285	644
322	716
363	794
495	1037
673	1351
434	926
469	990
783	1540
670	1346
360	788
634	1283
493	1033
358	784
516	1074
step	123172751	time	1806.01	temperature	773	cpu_time	1173.99
323	719
361	791
360	788
497	1041
675	1354
672	1350
519	1080
494	1035
785	1543
286	647
364	796
637	1289
469	991
339	749
435	928
step	123560950	time	1812.01	temperature	773	cpu_time	1176.66
363	794
675	1355
638	1291
364	797
339	749
362	792
496	1039
470	993
673	1351
437	932
286	647
788	1547
520	1083
498	1043
325	723
step	124092193	time	1818	temperature	773	cpu_time	1180.67
341	752
501	1049
327	726
438	933
473	997
677	1358
363	794
497	1041
642	1297
364	796
288	651
791	1553
366	800
522	1086
676	1357
step	124619922	time	1824.01	temperature	773	cpu_time	1184.48
523	1088
364	797
679	1362
498	1042
505	1056
290	654
440	937
344	758
365	798
794	1558
476	1003
644	1302
369	805
679	1361
329	729
step	125112903	time	1830	temperature	773	cpu_time	1187.95
441	940
647	1306
499	1045
684	1370
506	1057
366	799
478	1006
366	800
370	808
526	1094
346	763
329	730
795	1559
681	1365
292	656
step	125459782	time	1836.01	temperature	773	cpu_time	1190.35
331	733
479	1009
294	662
367	801
528	1096
443	942
372	811
348	766
795	1560
508	1060
366	800
683	1368
650	1311
685	1372
501	1046
step	126045224	time	1842	temperature	773	cpu_time	1194.5
369	805
368	804
331	734
798	1565
688	1378
295	665
653	1316
502	1050
529	1098
483	1016
510	1064
683	1368
375	816
350	769
448	950
step	126387489	time	1848.02	temperature	773	cpu_time	1196.92
802	1571
352	773
370	807
683	1369
510	1065
503	1052
376	819
691	1382
484	1017
532	1103
332	736
655	1320
371	809
296	667
449	952
step	126747522	time	1854.01	temperature	773	cpu_time	1199.46
693	1386
485	1020
450	955
370	808
513	1070
534	1107
333	737
373	814
504	1054
298	670
685	1372
803	1573
656	1322
354	778
377	821
step	127231586	time	1860	temperature	773	cpu_time	1202.77
380	827
334	739
697	1392
687	1375
505	1056
452	959
299	673
355	780
534	1108
657	1323
372	811
515	1073
487	1023
803	1574
375	817
step	127572192	time	1866.02	temperature	773	cpu_time	1205.29
335	742
377	820
537	1113
505	1056
356	781
300	674
381	828
690	1380
515	1074
490	1028
806	1579
373	813
455	965
658	1324
698	1395
step	128144248	time	1872.01	temperature	773	cpu_time	1209.57
336	744
542	1121
811	1587
700	1398
379	824
691	1382
492	1032
510	1064
383	832
457	969
659	1328
375	816
517	1077
359	786
303	679
step	128598891	time	1878	temperature	773	cpu_time	1212.8
304	682
513	1069
545	1127
519	1081
385	836
701	1400
458	971
814	1591
494	1035
692	1385
662	1333
361	790
339	748
380	824
377	819
step	129075132	time	1884	temperature	773	cpu_time	1216.43
379	825
340	750
361	790
459	972
387	839
663	1334
306	685
496	1040
698	1394
379	825
815	1593
520	1082
706	1409
517	1077
550	1135
step	129580014	time	1890	temperature	773	cpu_time	1219.91
307	688
552	1140
390	844
381	828
521	1084
664	1336
700	1398
460	974
708	1411
342	754
497	1041
518	1078
381	828
817	1596
362	793
step	130112895	time	1896.01	temperature	773	cpu_time	1223.5
344	758
308	689
520	1083
525	1091
709	1414
364	796
463	979
383	831
499	1044
701	1399
820	1602
555	1144
382	830
391	846
666	1340
step	130398188	time	1902.01	temperature	773	cpu_time	1225.49
384	834
391	847
309	691
385	835
702	1401
522	1086
344	759
711	1417
500	1046
367	802
668	1343
556	1147
822	1606
466	985
526	1093
step	130667776	time	1908.01	temperature	773	cpu_time	1227.37
387	839
344	759
557	1149
527	1095
704	1404
501	1048
386	838
524	1089
392	848
468	989
669	1344
712	1419
824	1609
370	807
313	700
step	131390047	time	1914.02	temperature	773	cpu_time	1232.55
1	1
372	811
826	1612
345	761
470	992
706	1408
503	1051
529	1099
316	704
389	843
713	1421
559	1152
393	851
388	842
526	1094
671	1348
step	131988765	time	1920	temperature	773	cpu_time	1237
391	847
376	819
390	845
471	994
716	1426
347	764
504	1053
317	707
531	1102
528	1097
709	1413
396	856
561	1155
673	1352
830	1617
step	132268703	time	1926	temperature	773	cpu_time	1238.98
347	764
472	995
319	711
377	821
719	1429
561	1156
392	849
399	861
675	1354
506	1057
533	1106
831	1621
710	1415
530	1101
391	847
step	132762541	time	1932	temperature	773	cpu_time	1242.36
508	1061
379	824
393	851
834	1625
399	862
679	1361
722	1436
349	768
321	714
534	1108
533	1105
563	1159
392	848
713	1421
473	998
step	133234197	time	1938.03	temperature	773	cpu_time	1245.53
395	854
351	771
534	1107
566	1165
402	868
476	1003
838	1632
536	1111
509	1063
679	1362
323	718
715	1424
726	1442
380	827
392	849
step	133717395	time	1944	temperature	773	cpu_time	1248.93
396	856
324	721
383	832
727	1445
478	1007
681	1366
352	773
394	852
510	1065
842	1638
717	1427
570	1172
406	875
535	1109
538	1115
step	134232581	time	1950	temperature	773	cpu_time	1252.67
573	1177
354	777
397	858
539	1117
729	1447
409	881
394	853
683	1369
513	1070
325	723
538	1114
718	1429
387	840
846	1645
481	1012
step	134785675	time	1956	temperature	773	cpu_time	1256.54
355	780
327	725
516	1075
411	884
396	857
849	1650
542	1121
484	1017
575	1180
391	846
398	860
719	1430
733	1454
540	1118
687	1376
step	135324529	time	1962	temperature	773	cpu_time	1260.36
486	1022
720	1432
544	1122
542	1122
414	890
392	848
518	1078
329	729
398	860
356	781
852	1656
399	861
577	1183
690	1380
737	1461
step	135665518	time	1968	temperature	773	cpu_time	1262.79
400	864
330	732
544	1125
415	892
392	848
853	1658
358	785
577	1184
488	1025
520	1082
545	1127
690	1381
400	864
738	1463
723	1436
step	136210809	time	1974	temperature	773	cpu_time	1266.73
1	1
331	733
581	1191
403	869
402	867
362	792
489	1027
725	1441
691	1383
742	1469
394	853
546	1129
546	1129
418	896
856	1663
521	1085
step	136602019	time	1980.01	temperature	773	cpu_time	1269.45
331	734
492	1032
419	898
403	870
524	1090
583	1194
405	872
694	1388
395	855
744	1473
363	794
728	1446
859	1667
548	1133
549	1133
step	137034439	time	1986.01	temperature	773	cpu_time	1272.45
406	874
551	1137
745	1475
363	795
549	1134
419	899
527	1095
404	871
396	857
695	1390
333	737
586	1199
859	1668
730	1449
495	1038
step	137606540	time	1992	temperature	773	cpu_time	1276.32
405	872
408	879
399	861
747	1478
730	1450
529	1099
553	1142
499	1044
590	1206
697	1393
550	1136
364	796
333	738
421	903
861	1670
step	138039191	time	1998	temperature	773	cpu_time	1279.42
409	881
499	1045
407	877
590	1207
747	1479
365	798
553	1142
424	906
399	862
699	1396
532	1104
555	1144
335	742
865	1677
731	1451
step	138494777	time	2004	temperature	773	cpu_time	1282.43
534	1107
336	743
366	799
500	1047
733	1454
700	1398
556	1146
865	1678
750	1484
413	887
555	1145
401	865
409	881
592	1211
426	912
step	139137137	time	2010	temperature	773	cpu_time	1287.13
414	890
558	1150
755	1492
537	1113
337	745
429	915
702	1401
869	1684
367	801
595	1215
410	883
403	870
735	1458
502	1050
557	1150
step	139720506	time	2016.01	temperature	773	cpu_time	1291.32
598	1221
503	1052
539	1117
558	1151
412	886
369	806
559	1151
404	871
417	895
432	923
759	1498
704	1405
340	751
870	1686
738	1463
step	140160613	time	2022	temperature	773	cpu_time	1294.33
432	923
873	1690
560	1154
405	873
418	897
415	892
369	806
739	1465
342	754
706	1409
560	1153
542	1121
600	1225
760	1500
505	1054
step	140560607	time	2028.04	temperature	773	cpu_time	1297.26
435	927
371	810
406	875
344	758
708	1412
742	1470
561	1156
505	1056
764	1507
543	1123
876	1696
603	1230
418	896
422	904
564	1161
step	140843787	time	2034	temperature	773	cpu_time	1299.26
435	929
562	1158
345	760
744	1473
544	1126
373	814
606	1234
419	898
407	877
506	1058
423	906
767	1513
880	1703
709	1414
566	1164
step	141333974	time	2040.04	temperature	773	cpu_time	1302.71
373	814
408	878
437	931
565	1162
424	908
508	1061
345	761
711	1417
883	1707
607	1236
546	1129
744	1474
423	906
770	1517
568	1168
step	141808362	time	2046	temperature	773	cpu_time	1306.03
570	1171
437	932
348	765
426	911
712	1419
548	1132
608	1239
885	1710
425	909
773	1523
409	881
746	1477
509	1063
375	816
566	1164
step	142403014	time	2052	temperature	773	cpu_time	1310.02
376	819
429	917
349	768
439	935
427	914
715	1423
608	1239
510	1065
411	884
888	1716
777	1529
567	1166
572	1175
550	1136
750	1481
step	143005438	time	2058.01	temperature	773	cpu_time	1314.13
569	1169
551	1137
717	1427
377	820
429	918
413	887
891	1720
432	922
440	938
573	1177
611	1243
513	1070
352	774
751	1485
780	1535
step	143603883	time	2064.02	temperature	773	cpu_time	1318.33
611	1243
429	918
574	1179
783	1539
443	942
754	1491
571	1174
719	1431
518	1078
378	823
353	775
414	889
894	1726
433	925
552	1139
step	144109090	time	2070.02	temperature	773	cpu_time	1321.8
416	893
519	1081
432	922
577	1183
720	1433
354	778
897	1730
573	1176
758	1496
783	1540
379	824
611	1243
437	932
555	1144
445	945
step	144432227	time	2076.01	temperature	773	cpu_time	1324.16
438	933
556	1147
612	1246
380	827
355	780
446	948
418	896
579	1188
519	1081
899	1733
762	1504
575	1178
786	1545
722	1436
432	923
step	144785977	time	2082	temperature	773	cpu_time	1326.7
520	1082
356	782
440	938
901	1737
557	1149
575	1180
383	831
447	951
419	899
791	1553
615	1251
434	927
722	1436
582	1192
763	1505
step	145137096	time	2088.01	temperature	773	cpu_time	1329.32
1	1
436	930
583	1195
420	901
559	1152
521	1085
904	1742
617	1254
383	832
443	942
449	953
792	1554
766	1510
360	789
577	1183
723	1438
step	145775370	time	2094.01	temperature	773	cpu_time	1334.03
444	945
453	961
363	794
768	1514
386	837
585	1198
725	1441
423	907
907	1747
562	1157
438	934
622	1262
579	1188
524	1089
794	1558
step	146107279	time	2100.28	temperature	773	cpu_time	1336.54
441	939
584	1196
908	1748
447	948
564	1160
363	795
797	1563
770	1517
624	1266
453	962
425	909
588	1204
726	1443
526	1091
387	840
step	146526394	time	2106.01	temperature	773	cpu_time	1339.57
425	910
442	941
455	964
590	1207
564	1161
726	1443
446	949
911	1754
527	1095
800	1568
586	1199
624	1267
771	1519
388	842
366	798
step	147003755	time	2112.01	temperature	773	cpu_time	1343.33
727	1444
528	1096
588	1204
626	1270
444	944
457	968
449	953
802	1571
594	1214
772	1521
366	800
389	843
912	1756
568	1168
427	913
step	147725795	time	2118	temperature	773	cpu_time	1348.21
595	1216
428	915
445	946
391	846
450	956
570	1172
459	972
530	1100
592	1210
773	1523
630	1277
368	804
915	1760
802	1572
729	1447
step	148385424	time	2124.1	temperature	773	cpu_time	1352.85
370	808
734	1454
592	1210
574	1179
532	1103
632	1280
598	1220
447	951
774	1525
917	1763
453	961
461	976
393	850
803	1573
429	915
step	148786531	time	2130	temperature	773	cpu_time	1355.51
578	1186
371	809
447	951
395	854
453	962
805	1576
775	1526
533	1105
428	916
598	1221
592	1211
734	1456
920	1768
463	980
633	1282
step	149424140	time	2136	temperature	773	cpu_time	1360.34
396	856
809	1583
449	953
373	813
533	1106
456	967
580	1189
593	1212
601	1226
923	1773
429	917
739	1465
636	1287
776	1528
464	982
step	149901551	time	2142	temperature	773	cpu_time	1363.7
535	1109
396	857
741	1468
582	1193
431	920
375	816
925	1777
458	971
777	1529
812	1588
594	1214
604	1231
466	984
449	954
639	1291
step	150332913	time	2148	temperature	773	cpu_time	1367.02
461	975
640	1294
743	1472
450	956
398	859
780	1534
431	921
596	1218
928	1781
466	985
537	1112
812	1589
376	819
606	1235
584	1195
step	150914730	time	2154	temperature	773	cpu_time	1371.28
452	960
781	1536
377	820
815	1594
585	1198
467	987
749	1481
398	859
461	976
600	1222
539	1117
643	1300
608	1239
434	927
931	1787
step	151563442	time	2160.01	temperature	773	cpu_time	1375.59
453	962
610	1242
750	1483
435	929
586	1199
463	979
602	1227
399	862
819	1600
378	822
468	988
932	1788
540	1118
783	1540
646	1303
step	152117214	time	2166.01	temperature	773	cpu_time	1379.52
472	996
603	1230
457	969
786	1544
436	930
935	1793
464	981
614	1249
381	829
820	1602
401	865
588	1204
542	1121
647	1307
754	1488
step	152418503	time	2172.01	temperature	773	cpu_time	1381.78
402	867
615	1251
384	834
437	932
458	970
649	1309
938	1799
821	1604
543	1124
475	1001
786	1545
606	1234
466	985
754	1490
590	1207
step	152879952	time	2178	temperature	773	cpu_time	1385.09
467	987
403	869
547	1131
460	974
477	1005
940	1801
591	1209
385	836
619	1257
756	1494
651	1314
824	1609
440	937
788	1548
608	1238
step	153322692	time	2184.1	temperature	773	cpu_time	1388.44
403	869
387	839
610	1241
441	939
461	976
479	1008
789	1549
826	1612
548	1133
469	990
592	1210
943	1806
619	1258
653	1316
758	1497
step	153819838	time	2190.02	temperature	773	cpu_time	1391.93
1	1
481	1012
612	1245
388	841
471	994
594	1214
553	1141
405	872
791	1553
443	942
622	1262
654	1318
827	1613
462	977
759	1499
944	1808
step	154446567	time	2196	temperature	773	cpu_time	1396.4
390	845
555	1144
463	980
829	1617
598	1220
761	1503
476	1003
657	1323
484	1017
795	1559
614	1249
444	945
407	876
624	1267
947	1813
step	154983349	time	2202.01	temperature	773	cpu_time	1400.19
408	879
393	850
600	1224
445	947
557	1148
465	983
949	1816
627	1271
616	1253
796	1561
658	1325
477	1005
763	1506
833	1624
485	1019
step	155578109	time	2208.01	temperature	773	cpu_time	1404.56
478	1007
836	1628
631	1279
409	880
559	1152
952	1822
468	989
396	856
659	1327
446	949
799	1566
486	1022
764	1507
601	1226
619	1256
step	156046169	time	2214	temperature	773	cpu_time	1408.06
469	991
446	949
603	1229
399	861
480	1011
632	1280
410	882
622	1262
839	1634
561	1155
766	1510
955	1826
661	1331
488	1025
802	1572
step	156426475	time	2220.14	temperature	773	cpu_time	1411.01
623	1264
842	1638
662	1333
447	951
604	1232
481	1012
766	1510
957	1829
564	1161
634	1283
803	1574
410	883
399	862
470	993
489	1026
step	156960461	time	2226	temperature	773	cpu_time	1414.7
607	1237
767	1513
568	1168
413	887
449	954
472	995
490	1029
401	865
665	1337
635	1286
845	1643
626	1269
484	1017
959	1833
804	1575
step	157371966	time	2232	temperature	773	cpu_time	1417.56
636	1288
402	867
570	1171
806	1578
627	1272
415	892
768	1514
473	998
492	1032
668	1342
960	1834
451	958
485	1020
847	1647
612	1245
step	157852017	time	2238	temperature	773	cpu_time	1420.91
488	1024
570	1172
418	896
452	960
770	1517
639	1292
405	873
965	1843
494	1036
475	1001
808	1582
849	1650
628	1274
614	1248
670	1347
step	158603599	time	2244.02	temperature	773	cpu_time	1426.51
640	1294
454	963
496	1039
631	1278
490	1028
850	1652
406	875
773	1522
674	1353
478	1006
811	1587
617	1254
573	1176
419	898
967	1846
step	159116139	time	2250	temperature	773	cpu_time	1430.04
479	1009
457	969
774	1525
497	1041
408	878
814	1592
621	1261
679	1361
419	898
573	1177
968	1847
493	1034
852	1656
641	1296
631	1279
step	159610950	time	2256.01	temperature	773	cpu_time	1433.75
642	1298
460	974
633	1282
574	1178
497	1041
854	1659
623	1265
499	1044
968	1848
681	1366
815	1594
483	1015
776	1527
420	900
409	881
step	160026161	time	2262	temperature	773	cpu_time	1437.26
577	1184
484	1018
461	976
501	1048
420	901
499	1045
856	1663
688	1377
971	1853
634	1283
643	1300
410	883
817	1597
626	1270
780	1532
step	160411775	time	2268	temperature	773	cpu_time	1440.15
691	1382
422	904
818	1599
503	1051
859	1667
581	1190
627	1271
485	1019
644	1301
974	1857
501	1048
412	886
634	1284
782	1537
464	981
step	160747776	time	2274	temperature	773	cpu_time	1442.57
644	1302
464	982
629	1275
414	889
820	1602
980	1867
581	1190
422	904
505	1056
692	1385
782	1538
637	1287
503	1051
486	1022
861	1670
step	161215120	time	2280	temperature	773	cpu_time	1446.1
415	891
466	984
488	1025
508	1061
694	1388
647	1306
639	1292
823	1607
423	907
583	1194
630	1276
862	1673
506	1057
982	1871
783	1540
step	161575371	time	2286	temperature	773	cpu_time	1448.77
416	893
786	1544
424	908
650	1311
696	1391
510	1065
631	1279
583	1194
983	1873
506	1058
826	1612
490	1028
643	1300
469	990
865	1678
step	162098677	time	2292.01	temperature	773	cpu_time	1452.79
507	1059
646	1305
632	1281
828	1616
585	1198
416	894
868	1682
472	995
511	1067
988	1880
651	1314
701	1400
426	911
789	1549
492	1032
step	162591921	time	2298.01	temperature	773	cpu_time	1456.61
429	917
508	1061
494	1035
870	1685
472	996
790	1552
991	1885
703	1403
654	1319
419	898
635	1286
586	1199
516	1075
834	1625
649	1310
step	162977536	time	2304	temperature	773	cpu_time	1459.46
992	1887
420	900
655	1320
650	1311
473	998
794	1558
639	1292
517	1077
586	1200
511	1066
495	1038
835	1627
704	1405
873	1690
430	919
step	163288323	time	2310	temperature	773	cpu_time	1461.78
513	1070
422	905
837	1630
656	1322
705	1406
520	1083
640	1294
587	1201
651	1313
496	1040
994	1891
796	1561
475	1002
433	924
874	1692
step	163755677	time	2316.01	temperature	773	cpu_time	1465.19
706	1409
837	1631
477	1005
590	1207
523	1088
643	1299
877	1697
434	927
499	1045
657	1323
997	1896
653	1317
425	910
516	1076
798	1565
step	164299789	time	2322.04	temperature	773	cpu_time	1469.22
435	929
1001	1901
659	1327
839	1634
799	1566
708	1411
478	1007
644	1302
880	1703
500	1046
427	914
519	1080
526	1093
655	1320
591	1209
step	164748323	time	2328.02	temperature	773	cpu_time	1472.36
661	1331
657	1323
882	1705
501	1049
480	1010
1003	1904
594	1214
527	1095
647	1306
437	932
711	1416
802	1571
842	1638
520	1082
428	916
step	165219396	time	2334	temperature	773	cpu_time	1475.71
429	918
664	1335
713	1421
1005	1908
520	1083
595	1215
503	1051
439	936
481	1012
806	1579
530	1100
659	1328
884	1709
647	1306
843	1641
step	165834706	time	2340	temperature	773	cpu_time	1480.02
483	1015
504	1053
533	1105
430	919
886	1712
522	1086
662	1332
809	1583
665	1338
440	938
649	1309
1008	1913
845	1644
717	1427
597	1219
step	166155164	time	2346.03	temperature	773	cpu_time	1482.4
441	939
663	1334
597	1219
535	1110
849	1650
431	921
483	1015
669	1344
652	1315
814	1591
506	1057
523	1087
1009	1915
889	1714
718	1430
step	166613677	time	2352	temperature	773	cpu_time	1485.5
432	922
508	1060
721	1434
673	1352
815	1594
484	1017
524	1089
599	1223
538	1115
666	1340
441	939
1013	1921
653	1317
888	1715
850	1652
step	167139035	time	2358	temperature	773	cpu_time	1489.41
435	928
540	1118
600	1224
851	1654
723	1437
1018	1929
526	1093
654	1319
678	1360
892	1722
484	1017
817	1597
668	1342
508	1061
445	944
step	167443817	time	2364	temperature	773	cpu_time	1491.73
526	1094
541	1120
484	1018
656	1322
444	945
603	1229
818	1599
726	1442
1022	1936
669	1345
895	1727
853	1658
511	1066
681	1366
437	930
step	167908950	time	2370.02	temperature	773	cpu_time	1495.06
447	948
1024	1939
486	1021
544	1125
437	932
659	1328
853	1658
605	1233
898	1732
672	1349
726	1443
819	1600
683	1368
511	1067
528	1097
step	168308974	time	2376	temperature	773	cpu_time	1498.19
683	1369
547	1130
855	1660
727	1444
607	1235
676	1356
448	952
439	936
1026	1942
529	1098
819	1601
513	1069
899	1733
661	1330
488	1023
step	168828079	time	2382	temperature	773	cpu_time	1502.07
514	1072
449	954
686	1374
548	1133
441	939
1029	1948
531	1102
821	1603
488	1024
664	1336
610	1241
900	1736
729	1448
859	1667
676	1357
step	169228364	time	2388.19	temperature	773	cpu_time	1504.84
450	956
515	1073
822	1606
678	1360
863	1674
489	1026
551	1137
443	942
533	1103
666	1340
611	1243
903	1740
1033	1954
730	1451
686	1374
step	169650670	time	2394	temperature	773	cpu_time	1507.94
517	1077
444	945
490	1028
866	1679
687	1376
734	1456
1035	1957
612	1246
906	1745
552	1139
533	1106
452	959
668	1343
679	1362
826	1612
step	170087142	time	2400.26	temperature	773	cpu_time	1511.05
452	960
518	1079
451	957
909	1750
491	1030
670	1346
1037	1960
680	1364
552	1139
689	1379
828	1615
534	1108
735	1458
867	1681
615	1251
step	170503421	time	2406.04	temperature	773	cpu_time	1513.99
1	1
453	961
555	1144
1038	1962
739	1465
671	1348
615	1251
452	959
691	1382
867	1681
493	1033
684	1370
537	1113
520	1083
911	1754
829	1615
step	171093671	time	2412.02	temperature	773	cpu_time	1518
494	1035
453	961
686	1373
691	1383
870	1685
522	1086
557	1148
830	1619
538	1115
454	963
914	1758
672	1350
1044	1972
618	1255
742	1469
step	171475482	time	2418.01	temperature	773	cpu_time	1520.69
539	1117
1045	1973
675	1355
456	966
619	1258
495	1038
525	1091
687	1376
874	1693
559	1152
453	962
917	1763
692	1385
831	1621
744	1474
step	171955203	time	2424.02	temperature	773	cpu_time	1524.19
690	1381
526	1094
496	1039
541	1119
676	1356
620	1260
457	969
920	1768
877	1697
749	1481
560	1154
1048	1978
694	1387
456	967
833	1624
step	172453451	time	2430.01	temperature	773	cpu_time	1527.51
457	969
459	972
695	1389
692	1385
561	1155
921	1770
837	1630
498	1042
878	1699
751	1485
678	1360
542	1121
1051	1984
527	1095
623	1262
step	173006865	time	2436	temperature	773	cpu_time	1531.21
624	1266
683	1368
500	1046
528	1097
461	975
697	1392
923	1773
544	1125
752	1487
562	1158
694	1388
880	1703
458	971
1055	1989
840	1636
step	173565292	time	2442.01	temperature	773	cpu_time	1535.14
529	1098
462	978
753	1488
695	1390
505	1055
548	1132
684	1371
925	1777
459	973
566	1164
882	1705
626	1270
1057	1993
843	1640
701	1399
step	174071627	time	2448	temperature	773	cpu_time	1538.69
627	1272
702	1401
532	1104
550	1136
460	974
884	1709
845	1643
505	1056
927	1780
698	1395
568	1168
1060	1998
686	1374
756	1494
463	979
step	174472371	time	2454.03	temperature	773	cpu_time	1541.49
628	1274
463	979
703	1403
551	1138
532	1104
931	1786
886	1713
505	1056
846	1646
757	1496
570	1171
688	1378
1063	2001
699	1397
464	982
step	174863084	time	2460.02	temperature	773	cpu_time	1544.32
631	1278
463	979
759	1499
466	984
705	1406
507	1059
700	1398
889	1717
534	1107
1064	2005
571	1174
552	1140
690	1381
847	1647
932	1788
step	175259871	time	2466.02	temperature	773	cpu_time	1546.92
701	1399
508	1061
535	1110
574	1178
691	1383
891	1721
708	1411
848	1649
761	1502
553	1141
632	1280
1068	2010
463	980
934	1792
467	985
step	175943283	time	2472	temperature	773	cpu_time	1551.71
467	987
634	1284
765	1509
556	1146
511	1066
893	1723
469	990
709	1414
693	1386
850	1652
1071	2015
577	1183
537	1112
704	1405
935	1793
step	176472002	time	2478	temperature	773	cpu_time	1555.55
471	994
938	1798
578	1186
853	1657
513	1070
635	1286
706	1409
711	1417
894	1725
1072	2017
766	1511
559	1152
539	1116
467	987
697	1392
step	176986311	time	2484	temperature	773	cpu_time	1559.12
636	1288
940	1801
515	1073
698	1395
707	1410
473	998
712	1418
468	989
897	1730
562	1157
541	1119
770	1517
580	1189
1072	2018
856	1662
step	177647469	time	2490	temperature	773	cpu_time	1563.75
1075	2022
518	1078
566	1164
772	1520
944	1809
857	1664
475	1001
583	1194
636	1288
543	1124
715	1424
700	1398
469	991
898	1732
711	1416
step	178208935	time	2496	temperature	773	cpu_time	1567.63
518	1078
470	993
858	1666
1079	2028
477	1004
949	1816
566	1165
703	1403
900	1735
585	1197
545	1127
711	1417
720	1432
773	1522
638	1290
step	178469601	time	2502.07	temperature	773	cpu_time	1569.41
638	1291
567	1166
901	1737
1082	2034
520	1083
472	995
704	1405
546	1128
713	1420
859	1668
721	1434
479	1009
774	1524
586	1199
952	1819
step	178890488	time	2508	temperature	773	cpu_time	1572.38
715	1424
568	1167
480	1010
473	997
639	1292
547	1131
523	1088
587	1202
723	1437
954	1825
705	1406
862	1673
775	1526
903	1741
1084	2036
step	179206817	time	2514.18	temperature	773	cpu_time	1574.5
550	1136
776	1528
864	1675
1084	2036
905	1744
482	1014
588	1203
719	1430
474	999
957	1830
523	1088
570	1171
640	1295
707	1409
724	1440
step	179576560	time	2520.1	temperature	773	cpu_time	1577.07
484	1017
720	1433
958	1832
523	1088
474	1000
707	1410
908	1748
865	1677
1084	2037
725	1441
551	1138
779	1533
590	1205
573	1175
642	1296
step	179916666	time	2526	temperature	773	cpu_time	1579.6
592	1210
721	1434
783	1539
642	1298
708	1412
909	1751
726	1443
477	1005
960	1835
486	1021
525	1092
573	1177
1085	2039
866	1679
552	1140
step	180239061	time	2532	temperature	773	cpu_time	1581.96
487	1023
721	1434
480	1010
575	1180
643	1299
1089	2045
961	1837
912	1755
709	1413
593	1212
525	1092
785	1542
553	1141
729	1447
868	1683
step	180758437	time	2538	temperature	773	cpu_time	1586.11
489	1026
526	1094
481	1012
915	1760
964	1841
724	1439
870	1686
578	1186
646	1304
595	1216
555	1144
1092	2049
786	1545
714	1422
732	1453
step	181227848	time	2544	temperature	773	cpu_time	1589.45
598	1221
787	1547
483	1016
581	1190
1095	2055
528	1096
871	1688
647	1307
490	1029
727	1444
555	1145
917	1763
968	1847
717	1427
734	1455
step	181790742	time	2550.04	temperature	773	cpu_time	1593.4
872	1689
729	1447
737	1462
556	1147
789	1549
582	1192
492	1032
484	1018
719	1430
971	1853
649	1310
1099	2061
601	1226
530	1101
920	1768
step	182286238	time	2556	temperature	773	cpu_time	1597.12
1	2
742	1469
722	1435
485	1019
493	1033
790	1552
1102	2065
974	1857
732	1453
651	1314
923	1773
873	1691
583	1195
533	1105
557	1149
602	1228
step	182824363	time	2562.01	temperature	773	cpu_time	1600.98
558	1151
924	1775
603	1230
654	1319
734	1456
745	1475
493	1034
874	1692
1102	2066
534	1107
487	1023
723	1438
975	1859
587	1201
795	1559
step	183178797	time	2568	temperature	773	cpu_time	1603.46
924	1776
495	1038
876	1695
588	1204
726	1442
977	1862
746	1477
1103	2068
605	1233
796	1562
489	1026
657	1324
560	1154
734	1457
536	1111
step	183583743	time	2574.02	temperature	773	cpu_time	1606.19
726	1443
749	1482
1104	2069
797	1563
496	1040
927	1780
877	1697
590	1206
607	1236
563	1159
737	1462
659	1327
538	1115
980	1867
489	1027
step	184109504	time	2580.01	temperature	773	cpu_time	1609.85
879	1700
800	1569
590	1206
565	1162
541	1120
928	1782
661	1331
983	1872
750	1484
730	1449
499	1045
1108	2075
491	1031
739	1464
608	1236
step	184454510	time	2586.02	temperature	773	cpu_time	1612.15
752	1487
732	1453
592	1211
880	1702
493	1033
543	1123
607	1236
500	1046
662	1332
803	1573
984	1874
932	1789
1109	2077
566	1164
740	1467
step	184938511	time	2592	temperature	773	cpu_time	1615.74
664	1336
744	1473
733	1455
883	1707
495	1037
607	1237
1111	2081
501	1048
938	1798
985	1876
594	1214
753	1488
568	1168
806	1578
546	1127
step	185545086	time	2598.03	temperature	773	cpu_time	1619.89
598	1220
496	1040
547	1131
885	1711
502	1050
941	1804
754	1490
809	1584
608	1238
746	1476
569	1170
736	1460
986	1878
1116	2086
668	1343
step	186131164	time	2604	temperature	773	cpu_time	1624.1
611	1244
503	1052
1118	2091
747	1478
810	1585
549	1135
601	1226
943	1806
739	1464
756	1494
885	1711
570	1172
498	1043
670	1345
989	1883
step	186820910	time	2610	temperature	773	cpu_time	1629.07
944	1808
505	1055
740	1466
815	1594
751	1485
500	1046
573	1176
613	1247
992	1887
760	1500
888	1715
602	1228
552	1139
1122	2098
671	1348
step	187406800	time	2616.02	temperature	773	cpu_time	1633.12
501	1049
555	1144
1124	2101
948	1814
891	1720
574	1179
753	1488
603	1230
817	1596
614	1248
995	1892
673	1352
761	1502
509	1062
742	1468
step	188055857	time	2622.1	temperature	773	cpu_time	1637.86
949	1816
761	1502
615	1251
576	1182
557	1148
999	1899
673	1352
756	1493
818	1599
1128	2108
510	1064
746	1476
606	1234
893	1723
504	1054
step	188596927	time	2628	temperature	773	cpu_time	1641.75
675	1354
578	1186
505	1055
1002	1903
560	1154
511	1067
610	1242
762	1504
821	1603
617	1254
747	1478
758	1497
951	1820
1133	2115
896	1728
step	189220423	time	2634.24	temperature	773	cpu_time	1646.25
506	1058
620	1260
764	1507
581	1190
676	1356
563	1159
953	1823
899	1733
1137	2122
823	1607
612	1245
749	1482
515	1071
1005	1907
761	1500
step	189723089	time	2640.01	temperature	773	cpu_time	1649.58
612	1245
581	1191
507	1059
1007	1911
563	1159
1139	2126
515	1073
899	1733
754	1490
676	1357
954	1824
825	1610
623	1264
767	1512
761	1500
step	190026049	time	2646	temperature	773	cpu_time	1651.93
583	1195
516	1076
566	1164
755	1492
1007	1912
624	1266
677	1358
957	1829
1142	2130
612	1245
761	1503
508	1060
828	1615
900	1736
770	1518
step	190473947	time	2652.02	temperature	773	cpu_time	1655.26
764	1507
904	1742
776	1527
615	1250
1145	2135
756	1494
585	1198
509	1063
566	1164
1009	1915
829	1617
517	1077
680	1363
624	1267
959	1833
step	190846617	time	2658.01	temperature	773	cpu_time	1658.06
831	1621
587	1201
626	1269
906	1745
618	1255
519	1081
568	1168
680	1363
757	1496
777	1530
1148	2139
510	1064
767	1512
1012	1919
961	1837
step	191264642	time	2664.05	temperature	773	cpu_time	1661.11
568	1168
681	1365
588	1203
629	1275
963	1840
1013	1921
1150	2143
512	1068
759	1498
908	1748
834	1625
619	1257
779	1533
521	1085
767	1515
step	191730005	time	2670.01	temperature	773	cpu_time	1664.53
516	1075
838	1632
771	1519
621	1261
570	1171
759	1499
1153	2147
1016	1927
782	1537
683	1368
965	1843
523	1087
908	1748
632	1280
589	1205
step	192122448	time	2676	temperature	773	cpu_time	1667.35
590	1207
516	1075
783	1540
762	1504
1155	2151
635	1285
841	1637
524	1089
772	1520
967	1846
622	1263
1019	1931
911	1754
571	1173
686	1373
step	192723965	time	2682	temperature	773	cpu_time	1671.76
686	1374
915	1760
593	1212
623	1264
764	1507
517	1077
573	1176
527	1095
785	1542
773	1523
636	1288
1161	2159
843	1640
969	1849
1023	1936
step	193320937	time	2688.2	temperature	773	cpu_time	1675.99
1024	1940
691	1382
767	1513
624	1267
574	1179
519	1081
788	1548
971	1852
638	1290
845	1644
529	1099
776	1528
595	1216
918	1766
1163	2163
step	193936697	time	2694.01	temperature	773	cpu_time	1680.37
576	1182
640	1295
597	1219
780	1535
520	1083
530	1101
974	1857
769	1516
848	1648
1164	2166
692	1384
790	1552
627	1271
1027	1944
920	1768
step	194369587	time	2700.06	temperature	773	cpu_time	1683.72
598	1220
1027	1945
850	1652
523	1087
1166	2169
977	1863
643	1300
692	1384
535	1110
782	1538
629	1275
579	1186
773	1520
921	1771
793	1557
step	194713952	time	2706.01	temperature	773	cpu_time	1686.12
692	1385
646	1305
538	1114
785	1543
1028	1946
581	1191
979	1866
852	1655
1170	2175
774	1525
524	1089
794	1558
599	1223
923	1774
631	1278
step	195125605	time	2712	temperature	773	cpu_time	1688.94
648	1308
526	1094
583	1194
540	1118
796	1562
777	1530
601	1226
924	1775
787	1547
1029	1947
980	1868
1171	2176
693	1386
857	1664
633	1281
step	195604755	time	2718.04	temperature	773	cpu_time	1692.26
789	1549
1033	1954
527	1095
634	1284
586	1199
694	1388
603	1229
650	1312
542	1121
1173	2180
799	1566
925	1776
779	1533
859	1668
982	1870
step	196159250	time	2724.03	temperature	773	cpu_time	1696.21
543	1123
651	1313
986	1877
865	1676
930	1784
586	1200
528	1096
1175	2183
1035	1957
780	1534
696	1391
801	1570
603	1230
635	1286
790	1552
step	196661158	time	2730.01	temperature	773	cpu_time	1699.65
1	1
1	1
783	1540
867	1681
544	1126
636	1288
529	1098
698	1394
793	1557
987	1879
653	1316
1177	2186
803	1573
932	1789
606	1234
1035	1957
587	1201
step	197112904	time	2736.01	temperature	773	cpu_time	1703.16
547	1130
806	1579
588	1204
934	1792
869	1684
639	1292
1037	1960
795	1560
988	1881
1181	2193
785	1542
529	1099
657	1324
609	1239
698	1396
step	197606955	time	2742.03	temperature	773	cpu_time	1706.62
590	1207
700	1398
797	1563
610	1242
548	1132
808	1581
1184	2198
530	1100
990	1884
873	1690
936	1795
640	1295
1040	1965
785	1543
658	1325
step	197970737	time	2748	temperature	773	cpu_time	1709.09
614	1249
549	1134
660	1329
701	1399
644	1302
799	1567
937	1796
787	1546
808	1582
875	1694
592	1211
530	1100
1184	2198
991	1886
1040	1965
step	198531948	time	2754.09	temperature	773	cpu_time	1713.15
595	1215
551	1138
617	1254
811	1587
1186	2200
1043	1971
702	1401
800	1568
995	1892
789	1550
940	1801
877	1698
662	1331
533	1103
646	1304
step	199455889	time	2760	temperature	773	cpu_time	1719.6
647	1306
553	1141
665	1338
599	1222
814	1592
1189	2205
943	1806
704	1405
801	1570
883	1706
535	1110
790	1552
1047	1977
618	1256
996	1893
step	199800772	time	2766.09	temperature	773	cpu_time	1722.2
666	1340
884	1709
706	1408
943	1807
816	1595
537	1113
601	1226
649	1309
803	1573
1049	1980
792	1554
1191	2209
556	1146
619	1258
997	1896
step	200375201	time	2772.06	temperature	773	cpu_time	1726.31
620	1260
668	1343
602	1228
1195	2215
538	1114
805	1577
820	1602
707	1410
944	1808
1053	1986
793	1557
1002	1904
886	1713
558	1152
651	1311
step	201152482	time	2778	temperature	773	cpu_time	1731.96
541	1119
822	1605
797	1563
669	1344
709	1413
1055	1989
1004	1907
603	1230
622	1262
891	1720
1199	2221
653	1317
562	1158
946	1812
808	1581
step	201447226	time	2784	temperature	773	cpu_time	1734.08
711	1416
543	1123
809	1583
565	1162
824	1608
671	1348
655	1321
948	1815
1200	2223
604	1232
622	1263
892	1722
1005	1908
1056	1991
798	1564
step	202017420	time	2790.11	temperature	773	cpu_time	1738.3
712	1418
825	1611
1009	1915
802	1571
605	1233
1058	1994
950	1818
814	1591
657	1323
568	1167
672	1350
894	1725
623	1264
544	1126
1201	2225
step	202375656	time	2796	temperature	773	cpu_time	1741.16
659	1328
626	1270
804	1575
828	1616
607	1236
713	1421
817	1596
544	1126
1059	1997
570	1171
896	1728
673	1351
1203	2228
954	1823
1011	1917
step	202864521	time	2802.01	temperature	773	cpu_time	1744.7
819	1600
544	1126
662	1332
830	1618
1205	2231
608	1238
1061	1999
808	1581
573	1176
715	1424
956	1828
676	1357
627	1271
1013	1922
899	1734
step	203271524	time	2808	temperature	773	cpu_time	1747.78
663	1334
833	1623
547	1131
628	1273
1066	2007
809	1584
677	1358
1208	2236
820	1602
573	1176
716	1425
1014	1923
902	1739
956	1828
609	1240
step	203684834	time	2814	temperature	773	cpu_time	1750.79
903	1741
612	1244
548	1133
576	1182
677	1359
836	1628
1210	2239
1068	2010
824	1609
718	1429
809	1584
664	1336
1017	1928
958	1832
630	1277
step	204152688	time	2820.01	temperature	773	cpu_time	1754.33
612	1245
681	1365
827	1614
1019	1931
905	1744
960	1834
632	1280
552	1139
811	1587
666	1339
577	1183
837	1630
1215	2247
721	1434
1072	2016
step	204547616	time	2826	temperature	773	cpu_time	1757.64
552	1139
634	1283
906	1745
830	1619
839	1634
683	1369
1021	1935
725	1440
813	1590
666	1340
615	1250
962	1838
1218	2251
1074	2021
579	1188
step	205107622	time	2832.03	temperature	773	cpu_time	1761.42
726	1443
1024	1939
583	1195
834	1625
842	1638
634	1284
553	1142
815	1593
1220	2255
667	1341
685	1372
1079	2028
615	1250
965	1842
909	1751
step	205806964	time	2838.09	temperature	773	cpu_time	1766.27
635	1286
556	1144
688	1377
586	1199
669	1345
912	1756
616	1252
729	1447
1223	2260
965	1843
846	1645
1024	1940
818	1598
1082	2034
838	1630
step	206333266	time	2844	temperature	773	cpu_time	1770.45
588	1203
967	1846
556	1147
1026	1943
639	1292
819	1601
731	1451
840	1636
619	1257
914	1758
1227	2266
690	1380
1089	2044
847	1647
670	1347
step	206907202	time	2850	temperature	773	cpu_time	1774.67
672	1350
1027	1945
733	1455
1232	2273
692	1385
916	1762
590	1206
1091	2048
843	1640
558	1151
820	1602
621	1261
969	1850
848	1649
641	1295
step	207248764	time	2856.02	temperature	773	cpu_time	1777.33
560	1153
640	1295
694	1387
592	1210
1029	1947
918	1765
672	1350
1092	2049
823	1607
734	1457
972	1855
1232	2274
622	1263
849	1651
845	1643
step	207557500	time	2862.08	temperature	773	cpu_time	1779.52
920	1768
826	1612
674	1353
592	1211
852	1656
561	1156
847	1647
974	1857
642	1298
735	1458
699	1396
1234	2277
622	1263
1031	1951
1097	2057
step	208302489	time	2868	temperature	773	cpu_time	1784.74
923	1774
626	1269
562	1158
739	1464
855	1661
827	1614
1235	2279
592	1211
700	1398
849	1650
643	1299
676	1357
1034	1955
1100	2062
977	1862
step	208759001	time	2874	temperature	773	cpu_time	1788.21
851	1653
594	1214
677	1359
1035	1958
742	1470
703	1403
1102	2066
644	1302
1240	2286
626	1270
831	1620
927	1780
978	1864
564	1160
856	1663
step	209278730	time	2880.08	temperature	773	cpu_time	1791.98
565	1162
852	1656
1105	2070
744	1473
646	1304
705	1407
858	1666
981	1869
832	1622
680	1363
929	1783
1036	1959
627	1272
596	1218
1244	2291
step	209716454	time	2886.02	temperature	773	cpu_time	1795.08
746	1476
1039	1964
565	1163
853	1657
628	1274
598	1221
859	1668
1245	2295
834	1625
933	1790
647	1306
985	1875
1106	2073
682	1367
709	1414
step	210436376	time	2892	temperature	773	cpu_time	1800.61
937	1797
569	1170
861	1670
837	1631
747	1478
686	1373
1250	2302
712	1418
631	1278
600	1224
1110	2077
650	1312
854	1659
1043	1971
989	1882
step	210813763	time	2898.05	temperature	773	cpu_time	1803.52
854	1659
602	1227
713	1420
939	1800
653	1317
572	1175
748	1480
1112	2082
839	1633
1253	2307
633	1282
861	1671
990	1884
687	1375
1046	1973
step	211047098	time	2904	temperature	773	cpu_time	1805.15
655	1320
862	1673
992	1887
1045	1974
715	1424
749	1482
941	1803
856	1663
603	1230
687	1376
841	1637
575	1181
1255	2311
634	1284
1117	2088
step	211533979	time	2910	temperature	773	cpu_time	1808.49
577	1184
1258	2315
993	1888
1119	2093
691	1382
944	1809
716	1425
858	1665
656	1322
1046	1975
635	1286
865	1677
750	1484
842	1639
604	1231
step	211948120	time	2916	temperature	773	cpu_time	1811.39
1123	2099
580	1189
719	1430
868	1682
657	1324
946	1811
843	1641
994	1891
604	1232
859	1667
692	1385
751	1485
636	1288
1048	1979
1259	2317
step	212502964	time	2922.09	temperature	773	cpu_time	1815.42
870	1686
860	1669
1262	2322
607	1236
753	1488
844	1642
694	1387
1125	2103
1051	1983
946	1812
997	1895
720	1432
658	1326
641	1294
580	1190
step	213053118	time	2928.01	temperature	773	cpu_time	1819.26
863	1674
609	1240
695	1389
1263	2323
659	1327
720	1432
948	1815
1053	1986
875	1694
846	1646
643	1299
756	1493
581	1191
1128	2108
1001	1900
step	213423251	time	2934.02	temperature	773	cpu_time	1822.23
876	1696
951	1819
721	1434
696	1391
1266	2328
848	1648
1001	1901
758	1497
1131	2113
643	1300
1056	1992
584	1196
865	1677
660	1329
610	1242
step	214106487	time	2940.01	temperature	773	cpu_time	1827.18
646	1304
723	1437
762	1504
662	1332
849	1650
1001	1902
867	1681
698	1393
878	1699
1269	2333
585	1198
1133	2115
1058	1994
952	1822
614	1248
step	214621774	time	2946.01	temperature	773	cpu_time	1830.71
615	1251
587	1201
726	1442
852	1655
1002	1903
1274	2340
882	1705
665	1337
954	1825
1133	2116
767	1512
647	1306
1060	1997
868	1683
699	1395
step	215012685	time	2952.04	temperature	773	cpu_time	1833.45
957	1830
769	1516
667	1341
648	1308
1062	2001
1274	2341
700	1398
853	1657
616	1252
1003	1905
1136	2120
726	1442
869	1684
588	1204
883	1706
step	215362616	time	2958.01	temperature	773	cpu_time	1835.85
619	1257
961	1836
871	1687
668	1342
772	1520
1136	2120
882	1706
1278	2347
588	1204
1064	2004
727	1444
648	1308
1003	1905
701	1399
860	1669
step	215847885	time	2964.01	temperature	773	cpu_time	1839.49
1282	2353
862	1672
702	1402
962	1838
669	1345
649	1310
1064	2005
1005	1909
884	1709
1136	2120
729	1448
623	1264
589	1205
873	1691
773	1523
step	216279340	time	2970	temperature	773	cpu_time	1842.79
730	1449
671	1348
1010	1916
964	1841
774	1524
651	1314
706	1409
888	1715
1139	2125
862	1673
591	1209
874	1693
1284	2356
1068	2010
624	1267
step	216751630	time	2976.01	temperature	773	cpu_time	1846.06
1286	2360
776	1527
653	1316
889	1718
592	1210
1141	2129
731	1451
1013	1921
626	1270
672	1349
877	1697
966	1844
1069	2013
862	1673
712	1418
step	217283898	time	2982	temperature	773	cpu_time	1850.16
712	1419
776	1528
1288	2363
674	1353
968	1848
1013	1921
736	1460
1071	2015
1143	2132
866	1679
880	1702
628	1273
655	1320
893	1724
592	1210
step	217763529	time	2988.03	temperature	773	cpu_time	1853.59
630	1277
677	1356
777	1530
714	1422
736	1460
592	1210
657	1323
882	1706
1013	1922
893	1724
970	1851
1292	2368
869	1684
1148	2140
1072	2017
step	218351660	time	2994	temperature	773	cpu_time	1857.71
661	1330
716	1425
1148	2140
870	1685
739	1465
779	1532
631	1278
884	1709
896	1728
677	1359
1016	1927
974	1857
1293	2371
596	1217
1074	2021
step	218888206	time	3000	temperature	773	cpu_time	1861.64
718	1429
680	1363
742	1469
1019	1931
1152	2146
662	1333
597	1219
886	1712
899	1733
873	1691
1295	2373
779	1533
1077	2025
977	1863
632	1281
step	218888206	time	3000	temperature	773	cpu_time	1861.64
718	1429
680	1363
742	1469
1019	1931
1152	2146
662	1333
597	1219
886	1712
899	1733
873	1691
1295	2373
779	1533
1077	2025
977	1863
632	1281
